12
0
0.0751446
0.0690208
0.0697633
0.0669981
0.0797631
0.0701168
0.0677054
0.0711186
0.0555855
0.0819092
0.0640772
0.0751446
0
0.00225489
0.00498322
0.0197943
0.028824
0.0449467
0.0458471
0.0449566
0.0404949
0.0652588
0.0716228
0.0690208
0.00225489
0
0.00595773
0.0194103
0.0285335
0.0460243
0.0468889
0.0459506
0.0430707
0.0672812
0.0729885
0.0697633
0.00498322
0.00595773
0
0.0182384
0.0284516
0.042111
0.0426377
0.0427539
0.0373092
0.0637876
0.0712441
0.0669981
0.0197943
0.0194103
0.0182384
0
0.0329758
0.0461683
0.0462604
0.0468307
0.0438347
0.0765649
0.0754157
0.0797631
0.028824
0.0285335
0.0284516
0.0329758
0
0.0441581
0.0435172
0.0455764
0.0395752
0.0667102
0.0730919
0.0701168
0.0449467
0.0460243
0.042111
0.0461683
0.0441581
0
0.000699135
0.00223532
0.00463007
0.0672125
0.0791658
0.0677054
0.0458471
0.0468889
0.0426377
0.0462604
0.0435172
0.000699135
0
0.00182234
0.00402628
0.0675143
0.0789736
0.0711186
0.0449566
0.0459506
0.0427539
0.0468307
0.0455764
0.00223532
0.00182234
0
0.00356789
0.0657505
0.0784086
0.0555855
0.0404949
0.0430707
0.0373092
0.0438347
0.0395752
0.00463007
0.00402628
0.00356789
0
0.0664425
0.0798757
0.0819092
0.0652588
0.0672812
0.0637876
0.0765649
0.0667102
0.0672125
0.0675143
0.0657505
0.0664425
0
0.0797222
0.0640772
0.0716228
0.0729885
0.0712441
0.0754157
0.0730919
0.0791658
0.0789736
0.0784086
0.0798757
0.0797222
0
