17
0
0.0189573
0.0265694
0.0142373
0.0116702
0.0185998
0.0130351
0.0230372
0.0364405
0.0176276
0.0376436
0.0166991
0.0302278
0.0146082
0.0161916
0.0170114
0.0179494
0.0189573
0
0.02616
0.0154586
0.0144031
0.01654
0.0150104
0.0183186
0.0374273
0.0193849
0.0374914
0.00908106
0.0309532
0.016664
0.0162201
0.00513572
0.00861753
0.0265694
0.02616
0
0.0293747
0.0269007
0.0305557
0.0269717
0.0319238
0.0399414
0.0310599
0.0415941
0.0291602
0.0203098
0.0301029
0.0303793
0.0280565
0.0293479
0.0142373
0.0154586
0.0293747
0
0.0111037
0.0180937
0.0109884
0.0204994
0.0382891
0.0173812
0.0359559
0.01551
0.0321549
0.0056981
0.0154744
0.0153377
0.0161725
0.0116702
0.0144031
0.0269007
0.0111037
0
0.0185372
0.00727557
0.0195903
0.0383823
0.0191449
0.0354296
0.0185529
0.0332123
0.00971825
0.0191202
0.0154291
0.0184539
0.0185998
0.01654
0.0305557
0.0180937
0.0185372
0
0.0149367
0.0109588
0.0413305
0.0183086
0.0408035
0.0161909
0.0321416
0.0183154
0.0170314
0.0177584
0.0154654
0.0130351
0.0150104
0.0269717
0.0109884
0.00727557
0.0149367
0
0.0170626
0.0376107
0.0160695
0.0366391
0.0151104
0.0303904
0.0103539
0.0148813
0.0149587
0.0155508
0.0230372
0.0183186
0.0319238
0.0204994
0.0195903
0.0109588
0.0170626
0
0.0407209
0.0223065
0.0399557
0.019326
0.0335972
0.0206768
0.0213599
0.0183403
0.01858
0.0364405
0.0374273
0.0399414
0.0382891
0.0383823
0.0413305
0.0376107
0.0407209
0
0.0452756
0.0500177
0.0458463
0.0485931
0.0433372
0.0471408
0.0457407
0.0455685
0.0176276
0.0193849
0.0310599
0.0173812
0.0191449
0.0183086
0.0160695
0.0223065
0.0452756
0
0.0377498
0.0181243
0.0301342
0.016818
0.0121949
0.0182104
0.0178896
0.0376436
0.0374914
0.0415941
0.0359559
0.0354296
0.0408035
0.0366391
0.0399557
0.0500177
0.0377498
0
0.0365242
0.0404837
0.0379198
0.0355758
0.0368674
0.0363411
0.0166991
0.00908106
0.0291602
0.01551
0.0185529
0.0161909
0.0151104
0.019326
0.0458463
0.0181243
0.0365242
0
0.031043
0.0160225
0.0171775
0.0123142
0.00598858
0.0302278
0.0309532
0.0203098
0.0321549
0.0332123
0.0321416
0.0303904
0.0335972
0.0485931
0.0301342
0.0404837
0.031043
0
0.0314472
0.0301694
0.0294642
0.0296725
0.0146082
0.016664
0.0301029
0.0056981
0.00971825
0.0183154
0.0103539
0.0206768
0.0433372
0.016818
0.0379198
0.0160225
0.0314472
0
0.0176464
0.0146221
0.0152906
0.0161916
0.0162201
0.0303793
0.0154744
0.0191202
0.0170314
0.0148813
0.0213599
0.0471408
0.0121949
0.0355758
0.0171775
0.0301694
0.0176464
0
0.0177771
0.0169187
0.0170114
0.00513572
0.0280565
0.0153377
0.0154291
0.0177584
0.0149587
0.0183403
0.0457407
0.0182104
0.0368674
0.0123142
0.0294642
0.0146221
0.0177771
0
0.0101888
0.0179494
0.00861753
0.0293479
0.0161725
0.0184539
0.0154654
0.0155508
0.01858
0.0455685
0.0178896
0.0363411
0.00598858
0.0296725
0.0152906
0.0169187
0.0101888
0
