55
0
0.045645
0.0466715
0.051855
0.0407546
0.0425285
0.040026
0.0460072
0.0407953
0.0577773
0.0580103
0.0543339
0.0516945
0.0425933
0.0526316
0.0469191
0.0458422
0.039403
0.0403531
0.0374541
0.0642559
0.0584585
0.0645892
0.0632888
0.0558881
0.0590184
0.0598506
0.0576168
0.0619317
0.0642443
0.0549289
0.060045
0.068752
0.0747505
0.0710289
0.0550884
0.078115
0.0709554
0.0667898
0.0646672
0.0595984
0.0546581
0.0607513
0.0600715
0.0509553
0.0580618
0.0598823
0.0600274
0.063391
0.0626182
0.0645682
0.0601251
0.0632494
0.0580598
0.0737192
0.045645
0
0.042104
0.036619
0.0304625
0.0382181
0.029363
0.0311819
0.030744
0.038959
0.0430802
0.0365925
0.0403872
0.026458
0.0376537
0.0306107
0.026913
0.0259761
0.0250317
0.0220097
0.049443
0.0458346
0.0518984
0.0520945
0.0469032
0.0465901
0.0494704
0.046624
0.056143
0.049694
0.0390568
0.0407233
0.0482955
0.0501161
0.0522841
0.0395615
0.0502773
0.0452102
0.0452558
0.0534654
0.0494061
0.0490319
0.051294
0.0486269
0.0390857
0.0478143
0.0509686
0.0490357
0.0503622
0.0517903
0.0555454
0.0491966
0.0492192
0.0497752
0.0611024
0.0466715
0.042104
0
0.028924
0.032422
0.0398161
0.028985
0.0374709
0.033733
0.0455603
0.0476114
0.0401529
0.0495592
0.0334684
0.0518452
0.0431344
0.0333359
0.0295066
0.0308628
0.0285726
0.0629424
0.0540248
0.0624055
0.0645942
0.0546095
0.0561589
0.0558725
0.06196
0.0588914
0.0635888
0.0475588
0.0493615
0.0615543
0.0700926
0.0655523
0.0489994
0.065539
0.0608625
0.0613558
0.0612448
0.0559525
0.0581667
0.0611587
0.0579765
0.046299
0.0622066
0.0624132
0.061255
0.0604838
0.0638275
0.0684216
0.0582024
0.0654432
0.0560298
0.0538965
0.051855
0.036619
0.028924
0
0.0268406
0.0319485
0.0236265
0.030976
0.0276836
0.0465167
0.0504865
0.0402422
0.0436027
0.0306285
0.0450593
0.0393387
0.0314033
0.0290811
0.0310697
0.0241507
0.0601114
0.0533003
0.0599844
0.0619533
0.0535264
0.0526898
0.056222
0.0488264
0.0613995
0.0637479
0.0446434
0.0457752
0.0608309
0.0692348
0.0610544
0.0417019
0.0665993
0.0549073
0.0537258
0.0595372
0.0523981
0.0562319
0.0602261
0.0576195
0.0443511
0.0583318
0.0589537
0.0582853
0.060033
0.0612674
0.0632074
0.0556558
0.0613399
0.0529413
0.0458888
0.0407546
0.0304625
0.032422
0.0268406
0
0.0251751
0.020987
0.0276382
0.0209756
0.0385111
0.0394649
0.0339242
0.0330148
0.0224164
0.0360285
0.0302002
0.0248859
0.0200743
0.0225415
0.0179764
0.0380836
0.0380729
0.0437501
0.0459029
0.0442563
0.0433471
0.0436094
0.0458402
0.0469865
0.0482667
0.035522
0.0358502
0.0473998
0.0487136
0.0476099
0.03309
0.0467796
0.0436872
0.0452492
0.0461058
0.0444955
0.0447565
0.0496075
0.0443992
0.0347095
0.0454079
0.0456449
0.0453257
0.0436252
0.0510972
0.0457207
0.0449327
0.0442864
0.0445004
0.0579104
0.0425285
0.0382181
0.0398161
0.0319485
0.0251751
0
0.0246199
0.0288844
0.0230646
0.0434381
0.0433167
0.0370848
0.0342328
0.0240976
0.03843
0.0304282
0.0255039
0.0227011
0.0250325
0.0212894
0.0452123
0.0399517
0.0455589
0.0462289
0.0439429
0.0420876
0.0434029
0.0416782
0.0479212
0.0491405
0.040033
0.0378385
0.0539741
0.0569169
0.051438
0.0375674
0.0561935
0.0490401
0.045833
0.0493121
0.0451993
0.0451268
0.044851
0.0437166
0.0322069
0.0475799
0.0452662
0.0466439
0.0436657
0.0502385
0.0456749
0.0472812
0.0453993
0.0415564
0.0564243
0.040026
0.029363
0.028985
0.0236265
0.020987
0.0246199
0
0.00743274
0.011715
0.0260157
0.0209124
0.0222624
0.0320761
0.0216513
0.0253358
0.029279
0.0247743
0.0200557
0.0215657
0.0206738
0.0309119
0.0320234
0.0332865
0.0318804
0.0360945
0.0363936
0.037084
0.04125
0.0421379
0.039277
0.0324212
0.0351605
0.041172
0.0385167
0.038289
0.0296238
0.0384456
0.0407963
0.0405037
0.039594
0.0374373
0.0362656
0.0423855
0.0365171
0.0381421
0.0330825
0.0325641
0.0355884
0.0352538
0.0372618
0.036368
0.035095
0.0348705
0.0378151
0.0573269
0.0460072
0.0311819
0.0374709
0.030976
0.0276382
0.0288844
0.00743274
0
0.01441
0.0261544
0.0233857
0.0248715
0.0335149
0.0209707
0.0255493
0.0281873
0.0217622
0.0201095
0.0210585
0.0216223
0.029843
0.0328301
0.0353367
0.0322718
0.035201
0.0341231
0.0367373
0.0377928
0.0435035
0.0387985
0.031845
0.0350968
0.0420071
0.0391873
0.0369368
0.030396
0.0362172
0.0394555
0.0399126
0.0405458
0.0377959
0.0365071
0.0430166
0.0353564
0.0349888
0.0320648
0.034125
0.0357698
0.0353112
0.038763
0.0374211
0.0355095
0.0351212
0.0387412
0.0610934
0.0407953
0.030744
0.033733
0.0276836
0.0209756
0.0230646
0.011715
0.01441
0
0.0287038
0.0302168
0.0293232
0.0318084
0.0247473
0.0310585
0.0299346
0.0269172
0.0213813
0.0237502
0.022378
0.0334564
0.0374031
0.0398491
0.0384885
0.0421699
0.0402779
0.0427505
0.043194
0.046368
0.0441186
0.0343915
0.0351374
0.0439469
0.0408321
0.0400672
0.0347812
0.0393582
0.0413352
0.0436398
0.044135
0.0430806
0.0420152
0.0465654
0.0411978
0.0427431
0.0375227
0.038435
0.0381069
0.0411819
0.0419936
0.0367622
0.0409123
0.0400338
0.0431483
0.05711
0.0577773
0.038959
0.0455603
0.0465167
0.0385111
0.0434381
0.0260157
0.0261544
0.0287038
0
0.0247308
0.0176228
0.0266971
0.0190751
0.0265987
0.0250689
0.0185012
0.0197124
0.0201974
0.0207114
0.029647
0.0312349
0.0308736
0.0315066
0.034745
0.0345373
0.0357202
0.0370188
0.0402863
0.0383726
0.0265236
0.0317143
0.0356803
0.0355366
0.0375867
0.0293152
0.0341555
0.0364369
0.0369321
0.0392246
0.0392653
0.0338093
0.0365105
0.0344082
0.0327251
0.0315247
0.0332849
0.0337052
0.0322959
0.0358333
0.0378842
0.0343085
0.0340682
0.0404202
0.0627415
0.0580103
0.0430802
0.0476114
0.0504865
0.0394649
0.0433167
0.0209124
0.0233857
0.0302168
0.0247308
0
0.0196488
0.0294505
0.0248563
0.027308
0.0326003
0.0234149
0.0251828
0.0248343
0.0253427
0.0343595
0.0333991
0.0387266
0.035481
0.0396831
0.0380791
0.0391401
0.0413767
0.0416846
0.0417389
0.0311822
0.0351321
0.0369887
0.0407337
0.0418644
0.0341175
0.0397804
0.040537
0.0412432
0.0463075
0.0435601
0.0405902
0.04483
0.0395798
0.0376579
0.0370952
0.0379796
0.0368832
0.036284
0.0398901
0.0417995
0.0400183
0.0385452
0.0437336
0.061247
0.0543339
0.0365925
0.0401529
0.0402422
0.0339242
0.0370848
0.0222624
0.0248715
0.0293232
0.0176228
0.0196488
0
0.027787
0.0236062
0.0260506
0.0306997
0.0231334
0.0228442
0.02307
0.0234338
0.0305969
0.0287249
0.0305308
0.0286207
0.0340725
0.0340879
0.0354201
0.0377323
0.0393636
0.0387194
0.0309118
0.0348375
0.0377143
0.0348053
0.0405638
0.0263538
0.0352413
0.038549
0.0400104
0.0408458
0.0373807
0.0356445
0.0420334
0.0349039
0.0337102
0.0314289
0.0321981
0.0325047
0.0300424
0.0348941
0.0352182
0.0355215
0.0315376
0.0394937
0.0610075
0.0516945
0.0403872
0.0495592
0.0436027
0.0330148
0.0342328
0.0320761
0.0335149
0.0318084
0.0266971
0.0294505
0.027787
0
0.0198678
0.0182661
0.0218445
0.0229639
0.0193069
0.0202108
0.0163428
0.0223711
0.0206917
0.0219925
0.0231381
0.0275548
0.0258668
0.027168
0.0294527
0.0332516
0.0294484
0.0200194
0.0247653
0.0290759
0.0275633
0.0293271
0.0174993
0.0258701
0.02894
0.0317283
0.0308936
0.0305519
0.0281747
0.0334521
0.0250023
0.029787
0.0237832
0.0226876
0.0242821
0.0228834
0.0272222
0.027087
0.0263395
0.0239321
0.0307819
0.0577336
0.0425933
0.026458
0.0334684
0.0306285
0.0224164
0.0240976
0.0216513
0.0209707
0.0247473
0.0190751
0.0248563
0.0236062
0.0198678
0
0.0138889
0.016377
0.0222903
0.0146215
0.0160905
0.0159285
0.0249307
0.0246207
0.0249932
0.0241499
0.0279053
0.0276889
0.0286629
0.0308184
0.0337072
0.0303807
0.0246226
0.0306755
0.0361757
0.0334745
0.0327603
0.0220708
0.0307859
0.0355226
0.0343094
0.0333776
0.0300899
0.0278038
0.0359502
0.0260066
0.0289061
0.025484
0.0252743
0.0242419
0.0271567
0.0272336
0.0300202
0.0259746
0.0240888
0.0307789
0.0625995
0.0526316
0.0376537
0.0518452
0.0450593
0.0360285
0.03843
0.0253358
0.0255493
0.0310585
0.0265987
0.027308
0.0260506
0.0182661
0.0138889
0
0.0150905
0.016125
0.0128706
0.0163687
0.012218
0.0231536
0.0194023
0.0223855
0.0204443
0.0259271
0.0234916
0.0273508
0.0283623
0.0322768
0.0287685
0.018925
0.0283844
0.0324078
0.03085
0.0306383
0.0192671
0.0307162
0.0293524
0.0317932
0.0321064
0.02943
0.0266863
0.0312425
0.0241032
0.0262147
0.0225554
0.0236357
0.0249409
0.0219295
0.0266509
0.0291838
0.0251615
0.0247226
0.0297854
0.0611283
0.0469191
0.0306107
0.0431344
0.0393387
0.0302002
0.0304282
0.029279
0.0281873
0.0299346
0.0250689
0.0326003
0.0306997
0.0218445
0.016377
0.0150905
0
0.0143544
0.00741642
0.0108187
0.0116092
0.0294844
0.0266641
0.0278096
0.0256397
0.0323698
0.0311205
0.032174
0.0344288
0.0380569
0.0330637
0.0277718
0.0305162
0.0374052
0.0376745
0.0365394
0.0241321
0.0350665
0.0392511
0.0372007
0.0362421
0.0329212
0.0316391
0.0371745
0.0293977
0.0338227
0.0291079
0.0297617
0.0290952
0.028071
0.0323225
0.0322761
0.0294477
0.0290638
0.0324746
0.063358
0.0458422
0.026913
0.0333359
0.0314033
0.0248859
0.0255039
0.0247743
0.0217622
0.0269172
0.0185012
0.0234149
0.0231334
0.0229639
0.0222903
0.016125
0.0143544
0
0.0141811
0.0150439
0.0158657
0.0291203
0.0282223
0.029985
0.0289483
0.034646
0.0330887
0.0338293
0.0365386
0.041618
0.0364756
0.029446
0.0323688
0.0356811
0.0348612
0.0383603
0.027108
0.0315807
0.0388328
0.0366186
0.0389805
0.0370184
0.0349002
0.042607
0.0335089
0.0338041
0.0327935
0.032316
0.0327997
0.0309678
0.0356361
0.0354232
0.0339935
0.0312724
0.0363892
0.0617597
0.039403
0.0259761
0.0295066
0.0290811
0.0200743
0.0227011
0.0200557
0.0201095
0.0213813
0.0197124
0.0251828
0.0228442
0.0193069
0.0146215
0.0128706
0.00741642
0.0141811
0
0.00698644
0.00758845
0.0257281
0.0223521
0.0240979
0.0229293
0.0295231
0.0265286
0.0279633
0.0307611
0.0324774
0.02875
0.026003
0.0289696
0.0325172
0.0332808
0.0327759
0.0243859
0.0315998
0.0347897
0.033758
0.0316479
0.0294681
0.0276779
0.0353265
0.0248678
0.0322882
0.0237122
0.0262462
0.02452
0.0251303
0.0280871
0.028392
0.0256145
0.0256087
0.0286727
0.0573473
0.0403531
0.0250317
0.0308628
0.0310697
0.0225415
0.0250325
0.0215657
0.0210585
0.0237502
0.0201974
0.0248343
0.02307
0.0202108
0.0160905
0.0163687
0.0108187
0.0150439
0.00698644
0
0.0109148
0.028106
0.026639
0.0294128
0.0272398
0.0340176
0.0321525
0.0310457
0.0350919
0.039052
0.0341036
0.0300497
0.0313252
0.037475
0.0384478
0.0370925
0.0255541
0.0361724
0.0397817
0.0391046
0.036042
0.0337843
0.0328376
0.0404032
0.0307358
0.0354195
0.0296317
0.031496
0.029218
0.029981
0.0330004
0.0321481
0.0302842
0.0301904
0.0333703
0.0607128
0.0374541
0.0220097
0.0285726
0.0241507
0.0179764
0.0212894
0.0206738
0.0216223
0.022378
0.0207114
0.0253427
0.0234338
0.0163428
0.0159285
0.012218
0.0116092
0.0158657
0.00758845
0.0109148
0
0.0284378
0.0252601
0.0265343
0.0261118
0.0313094
0.0290283
0.0298839
0.0333743
0.0350007
0.0318243
0.0277179
0.0306012
0.0365794
0.035307
0.0365827
0.0254886
0.032652
0.0382545
0.037811
0.0338039
0.0322499
0.031356
0.0388804
0.0272143
0.0358667
0.0264901
0.0272477
0.0276273
0.0274961
0.0305944
0.0297669
0.0271265
0.0291414
0.031277
0.0586977
0.0642559
0.049443
0.0629424
0.0601114
0.0380836
0.0452123
0.0309119
0.029843
0.0334564
0.029647
0.0343595
0.0305969
0.0223711
0.0249307
0.0231536
0.0294844
0.0291203
0.0257281
0.028106
0.0284378
0
0.019081
0.0247288
0.0225398
0.0200769
0.0188356
0.0237317
0.0259847
0.0316498
0.0242502
0.0162719
0.0151173
0.0190823
0.0159745
0.0161418
0.0171274
0.0190537
0.0187806
0.0192976
0.0269919
0.0245052
0.0238947
0.028882
0.0210286
0.0235889
0.0224232
0.0220119
0.0235906
0.0244277
0.0256031
0.0251997
0.022099
0.0224831
0.0246674
0.052386
0.0584585
0.0458346
0.0540248
0.0533003
0.0380729
0.0399517
0.0320234
0.0328301
0.0374031
0.0312349
0.0333991
0.0287249
0.0206917
0.0246207
0.0194023
0.0266641
0.0282223
0.0223521
0.026639
0.0252601
0.019081
0
0.0105246
0.00708275
0.0139999
0.0118372
0.0175258
0.0186314
0.0244336
0.0155375
0.0194832
0.0230817
0.0261883
0.0253546
0.0247533
0.0159819
0.0268151
0.0295119
0.02584
0.0183925
0.0154172
0.0155471
0.0239387
0.0122098
0.0181961
0.013069
0.0133349
0.013841
0.00807917
0.0147194
0.0160712
0.0146936
0.0128041
0.0182676
0.0516784
0.0645892
0.0518984
0.0624055
0.0599844
0.0437501
0.0455589
0.0332865
0.0353367
0.0398491
0.0308736
0.0387266
0.0305308
0.0219925
0.0249932
0.0223855
0.0278096
0.029985
0.0240979
0.0294128
0.0265343
0.0247288
0.0105246
0
0.0104029
0.0190604
0.0188789
0.0206466
0.0228477
0.026213
0.022228
0.0200788
0.0279392
0.0280833
0.0295477
0.0275473
0.0218474
0.0286045
0.0311402
0.0290202
0.023662
0.0220823
0.0203177
0.0298698
0.0175103
0.0218778
0.0176483
0.017148
0.019893
0.0117002
0.0230765
0.0212217
0.0200153
0.0180918
0.0247887
0.0529441
0.0632888
0.0520945
0.0645942
0.0619533
0.0459029
0.0462289
0.0318804
0.0322718
0.0384885
0.0315066
0.035481
0.0286207
0.0231381
0.0241499
0.0204443
0.0256397
0.0289483
0.0229293
0.0272398
0.0261118
0.0225398
0.00708275
0.0104029
0
0.0173118
0.0169195
0.0208272
0.0214934
0.0257494
0.019089
0.0206992
0.027803
0.0282988
0.0282662
0.0290778
0.0199775
0.0306674
0.0306718
0.02757
0.0236178
0.0199361
0.0179261
0.0264796
0.0164122
0.0220716
0.0163128
0.0148436
0.0168332
0.00479355
0.0198324
0.020736
0.0184044
0.0172934
0.0236932
0.0522284
0.0558881
0.0469032
0.0546095
0.0535264
0.0442563
0.0439429
0.0360945
0.035201
0.0421699
0.034745
0.0396831
0.0340725
0.0275548
0.0279053
0.0259271
0.0323698
0.034646
0.0295231
0.0340176
0.0313094
0.0200769
0.0139999
0.0190604
0.0173118
0
0.00477484
0.0147853
0.0167527
0.0222356
0.0127188
0.0255096
0.0278201
0.0296261
0.0283423
0.0291575
0.0197913
0.0293894
0.0332413
0.0269476
0.0119928
0.00972886
0.00685054
0.0193313
0.0056578
0.0157136
0.00727842
0.00875624
0.0121806
0.0176304
0.00738272
0.0132561
0.00640964
0.0117252
0.0117923
0.0598132
0.0590184
0.0465901
0.0561589
0.0526898
0.0433471
0.0420876
0.0363936
0.0341231
0.0402779
0.0345373
0.0380791
0.0340879
0.0258668
0.0276889
0.0234916
0.0311205
0.0330887
0.0265286
0.0321525
0.0290283
0.0188356
0.0118372
0.0188789
0.0169195
0.00477484
0
0.0151092
0.0163998
0.021245
0.0121466
0.024388
0.0282604
0.0302664
0.0278467
0.0287751
0.0188427
0.0302545
0.0327486
0.0273676
0.0120484
0.010824
0.0100714
0.0175296
0.00568211
0.0143552
0.00743625
0.00983525
0.0111139
0.0181417
0.00898413
0.012982
0.0087832
0.0104042
0.0127893
0.0569635
0.0598506
0.0494704
0.0558725
0.056222
0.0436094
0.0434029
0.037084
0.0367373
0.0427505
0.0357202
0.0391401
0.0354201
0.027168
0.0286629
0.0273508
0.032174
0.0338293
0.0279633
0.0310457
0.0298839
0.0237317
0.0175258
0.0206466
0.0208272
0.0147853
0.0151092
0
0.00885893
0.0167718
0.0153312
0.0247337
0.0287394
0.0305308
0.0342894
0.0325701
0.021773
0.0332357
0.0330589
0.030265
0.0194098
0.0187196
0.0161083
0.0240416
0.0116072
0.0122656
0.011597
0.0117407
0.0130316
0.0227705
0.0169032
0.0162586
0.0141567
0.0133217
0.0152689
0.059432
0.0576168
0.046624
0.06196
0.0488264
0.0458402
0.0416782
0.04125
0.0377928
0.043194
0.0370188
0.0413767
0.0377323
0.0294527
0.0308184
0.0283623
0.0344288
0.0365386
0.0307611
0.0350919
0.0333743
0.0259847
0.0186314
0.0228477
0.0214934
0.0167527
0.0163998
0.00885893
0
0.0172845
0.0185558
0.0273362
0.0328185
0.0332373
0.036015
0.0339774
0.0254338
0.0335296
0.0339265
0.0305468
0.0214516
0.0189017
0.0159291
0.0252463
0.0137564
0.0131188
0.0131198
0.0137465
0.0124554
0.0239226
0.0164212
0.0147463
0.0169482
0.0142866
0.0178839
0.060601
0.0619317
0.056143
0.0588914
0.0613995
0.0469865
0.0479212
0.0421379
0.0435035
0.046368
0.0402863
0.0416846
0.0393636
0.0332516
0.0337072
0.0322768
0.0380569
0.041618
0.0324774
0.039052
0.0350007
0.0316498
0.0244336
0.026213
0.0257494
0.0222356
0.021245
0.0167718
0.0172845
0
0.0230134
0.0296552
0.0358652
0.0350412
0.0395048
0.0396349
0.028427
0.0374818
0.0408642
0.0372031
0.0257242
0.0236753
0.0228243
0.0271488
0.0194224
0.0155136
0.0167863
0.0180095
0.0202354
0.0265614
0.0231893
0.0225255
0.020263
0.0202367
0.0246303
0.0608229
0.0642443
0.049694
0.0635888
0.0637479
0.0482667
0.0491405
0.039277
0.0387985
0.0441186
0.0383726
0.0417389
0.0387194
0.0294484
0.0303807
0.0287685
0.0330637
0.0364756
0.02875
0.0341036
0.0318243
0.0242502
0.0155375
0.022228
0.019089
0.0127188
0.0121466
0.0153312
0.0185558
0.0230134
0
0.0285538
0.0328488
0.0336646
0.034413
0.0343556
0.0251416
0.0357695
0.0368302
0.0319994
0.0173234
0.0154491
0.0125004
0.02277
0.00968067
0.0193496
0.0109009
0.0129793
0.0147631
0.0214547
0.0138164
0.0173355
0.0127719
0.0114529
0.0180502
0.0642278
0.0549289
0.0390568
0.0475588
0.0446434
0.035522
0.040033
0.0324212
0.031845
0.0343915
0.0265236
0.0311822
0.0309118
0.0200194
0.0246226
0.018925
0.0277718
0.029446
0.026003
0.0300497
0.0277179
0.0162719
0.0194832
0.0200788
0.0206992
0.0255096
0.024388
0.0247337
0.0273362
0.0296552
0.0285538
0
0.0206286
0.0230777
0.0228998
0.0257126
0.0200394
0.0222144
0.0232567
0.0258071
0.0307425
0.029733
0.0271826
0.0323901
0.0242121
0.0264876
0.0234537
0.0232959
0.0239101
0.0235988
0.0285901
0.0295247
0.0253271
0.0245338
0.0280026
0.0540143
0.060045
0.0407233
0.0493615
0.0457752
0.0358502
0.0378385
0.0351605
0.0350968
0.0351374
0.0317143
0.0351321
0.0348375
0.0247653
0.0306755
0.0283844
0.0305162
0.0323688
0.0289696
0.0313252
0.0306012
0.0151173
0.0230817
0.0279392
0.027803
0.0278201
0.0282604
0.0287394
0.0328185
0.0358652
0.0328488
0.0206286
0
0.0211512
0.0191766
0.0179579
0.0230479
0.023696
0.0243579
0.0235807
0.0321913
0.0323188
0.0314164
0.0356601
0.0292064
0.0267593
0.0318065
0.0311657
0.0296
0.0312098
0.0322879
0.0325479
0.0301976
0.030277
0.0312442
0.0485967
0.068752
0.0482955
0.0615543
0.0608309
0.0473998
0.0539741
0.041172
0.0420071
0.0439469
0.0356803
0.0369887
0.0377143
0.0290759
0.0361757
0.0324078
0.0374052
0.0356811
0.0325172
0.037475
0.0365794
0.0190823
0.0261883
0.0280833
0.0282988
0.0296261
0.0302664
0.0305308
0.0332373
0.0350412
0.0336646
0.0230777
0.0211512
0
0.0207236
0.019984
0.0269931
0.0186133
0.015604
0.015912
0.03439
0.0358648
0.0311304
0.0366109
0.0287069
0.0276383
0.031824
0.030894
0.0306615
0.0309885
0.0339641
0.0382319
0.0303684
0.0308256
0.0343162
0.0506355
0.0747505
0.0501161
0.0700926
0.0692348
0.0487136
0.0569169
0.0385167
0.0391873
0.0408321
0.0355366
0.0407337
0.0348053
0.0275633
0.0334745
0.03085
0.0376745
0.0348612
0.0332808
0.0384478
0.035307
0.0159745
0.0253546
0.0295477
0.0282662
0.0283423
0.0278467
0.0342894
0.036015
0.0395048
0.034413
0.0228998
0.0191766
0.0207236
0
0.0149368
0.0196006
0.0206872
0.0206124
0.0201986
0.0316066
0.0339497
0.0313515
0.0354576
0.0271874
0.0254222
0.0299496
0.0270167
0.0280148
0.0271266
0.0310224
0.0325725
0.0289062
0.0270361
0.031438
0.0596866
0.0710289
0.0522841
0.0655523
0.0610544
0.0476099
0.051438
0.038289
0.0369368
0.0400672
0.0375867
0.0418644
0.0405638
0.0293271
0.0327603
0.0306383
0.0365394
0.0383603
0.0327759
0.0370925
0.0365827
0.0161418
0.0247533
0.0275473
0.0290778
0.0291575
0.0287751
0.0325701
0.0339774
0.0396349
0.0343556
0.0257126
0.0179579
0.019984
0.0149368
0
0.0211644
0.0182718
0.0186635
0.0188864
0.0318346
0.0308161
0.0296344
0.0351997
0.0265971
0.0251098
0.0284541
0.0275774
0.026806
0.0299574
0.0296215
0.0326166
0.0269205
0.0260201
0.0274789
0.0505866
0.0550884
0.0395615
0.0489994
0.0417019
0.03309
0.0375674
0.0296238
0.030396
0.0347812
0.0293152
0.0341175
0.0263538
0.0174993
0.0220708
0.0192671
0.0241321
0.027108
0.0243859
0.0255541
0.0254886
0.0171274
0.0159819
0.0218474
0.0199775
0.0197913
0.0188427
0.021773
0.0254338
0.028427
0.0251416
0.0200394
0.0230479
0.0269931
0.0196006
0.0211644
0
0.0277517
0.0292207
0.0285764
0.0263501
0.0260529
0.0230576
0.0309798
0.0201932
0.0237488
0.0196509
0.0201581
0.0216022
0.0212658
0.0253244
0.0217163
0.0202247
0.0193237
0.0263462
0.058403
0.078115
0.0502773
0.065539
0.0665993
0.0467796
0.0561935
0.0384456
0.0362172
0.0393582
0.0341555
0.0397804
0.0352413
0.0258701
0.0307859
0.0307162
0.0350665
0.0315807
0.0315998
0.0361724
0.032652
0.0190537
0.0268151
0.0286045
0.0306674
0.0293894
0.0302545
0.0332357
0.0335296
0.0374818
0.0357695
0.0222144
0.023696
0.0186133
0.0206872
0.0182718
0.0277517
0
0.0186084
0.0175236
0.0293177
0.035036
0.0293807
0.0319339
0.0276903
0.0244725
0.0291896
0.0297707
0.0284002
0.0294525
0.0313245
0.0339923
0.0256288
0.0271468
0.0332916
0.0534103
0.0709554
0.0452102
0.0608625
0.0549073
0.0436872
0.0490401
0.0407963
0.0394555
0.0413352
0.0364369
0.040537
0.038549
0.02894
0.0355226
0.0293524
0.0392511
0.0388328
0.0347897
0.0397817
0.0382545
0.0187806
0.0295119
0.0311402
0.0306718
0.0332413
0.0327486
0.0330589
0.0339265
0.0408642
0.0368302
0.0232567
0.0243579
0.015604
0.0206124
0.0186635
0.0292207
0.0186084
0
0.0137281
0.0356652
0.0388889
0.0328214
0.0362237
0.0310188
0.0265051
0.0336524
0.0338921
0.0315817
0.0332281
0.0357875
0.0412282
0.0325684
0.0329018
0.035635
0.0532586
0.0667898
0.0452558
0.0613558
0.0537258
0.0452492
0.045833
0.0405037
0.0399126
0.0436398
0.0369321
0.0412432
0.0400104
0.0317283
0.0343094
0.0317932
0.0372007
0.0366186
0.033758
0.0391046
0.037811
0.0192976
0.02584
0.0290202
0.02757
0.0269476
0.0273676
0.030265
0.0305468
0.0372031
0.0319994
0.0258071
0.0235807
0.015912
0.0201986
0.0188864
0.0285764
0.0175236
0.0137281
0
0.0313899
0.0322903
0.0294108
0.0342024
0.0264701
0.0270372
0.0293639
0.0307014
0.0273775
0.0314173
0.0326075
0.0347821
0.0281363
0.0287084
0.0301776
0.0502809
0.0646672
0.0534654
0.0612448
0.0595372
0.0461058
0.0493121
0.039594
0.0405458
0.044135
0.0392246
0.0463075
0.0408458
0.0308936
0.0333776
0.0321064
0.0362421
0.0389805
0.0316479
0.036042
0.0338039
0.0269919
0.0183925
0.023662
0.0236178
0.0119928
0.0120484
0.0194098
0.0214516
0.0257242
0.0173234
0.0307425
0.0321913
0.03439
0.0316066
0.0318346
0.0263501
0.0293177
0.0356652
0.0313899
0
0.012671
0.0147507
0.0235998
0.0116069
0.0214481
0.0126692
0.0145686
0.0158901
0.0247834
0.012794
0.0162113
0.0136815
0.0162649
0.0170308
0.0594357
0.0595984
0.0494061
0.0559525
0.0523981
0.0444955
0.0451993
0.0374373
0.0377959
0.0430806
0.0392653
0.0435601
0.0373807
0.0305519
0.0300899
0.02943
0.0329212
0.0370184
0.0294681
0.0337843
0.0322499
0.0245052
0.0154172
0.0220823
0.0199361
0.00972886
0.010824
0.0187196
0.0189017
0.0236753
0.0154491
0.029733
0.0323188
0.0358648
0.0339497
0.0308161
0.0260529
0.035036
0.0388889
0.0322903
0.012671
0
0.0125084
0.0197154
0.0100753
0.0196673
0.0104566
0.0133804
0.0156721
0.0217818
0.0102833
0.013171
0.0130964
0.0131769
0.0147175
0.0542494
0.0546581
0.0490319
0.0581667
0.0562319
0.0447565
0.0451268
0.0362656
0.0365071
0.0420152
0.0338093
0.0405902
0.0356445
0.0281747
0.0278038
0.0266863
0.0316391
0.0349002
0.0276779
0.0328376
0.031356
0.0238947
0.0155471
0.0203177
0.0179261
0.00685054
0.0100714
0.0161083
0.0159291
0.0228243
0.0125004
0.0271826
0.0314164
0.0311304
0.0313515
0.0296344
0.0230576
0.0293807
0.0328214
0.0294108
0.0147507
0.0125084
0
0.0193682
0.00839618
0.0160338
0.00831562
0.00984848
0.0116548
0.0194952
0.0101729
0.016003
0.00873144
0.0131108
0.0146386
0.0597332
0.0607513
0.051294
0.0611587
0.0602261
0.0496075
0.044851
0.0423855
0.0430166
0.0465654
0.0365105
0.04483
0.0420334
0.0334521
0.0359502
0.0312425
0.0371745
0.042607
0.0353265
0.0404032
0.0388804
0.028882
0.0239387
0.0298698
0.0264796
0.0193313
0.0175296
0.0240416
0.0252463
0.0271488
0.02277
0.0323901
0.0356601
0.0366109
0.0354576
0.0351997
0.0309798
0.0319339
0.0362237
0.0342024
0.0235998
0.0197154
0.0193682
0
0.0175221
0.0231876
0.0172168
0.0187138
0.0198864
0.0282808
0.0182327
0.0219257
0.0193022
0.0205797
0.0223658
0.063564
0.0600715
0.0486269
0.0579765
0.0576195
0.0443992
0.0437166
0.0365171
0.0353564
0.0411978
0.0344082
0.0395798
0.0349039
0.0250023
0.0260066
0.0241032
0.0293977
0.0335089
0.0248678
0.0307358
0.0272143
0.0210286
0.0122098
0.0175103
0.0164122
0.0056578
0.00568211
0.0116072
0.0137564
0.0194224
0.00968067
0.0242121
0.0292064
0.0287069
0.0271874
0.0265971
0.0201932
0.0276903
0.0310188
0.0264701
0.0116069
0.0100753
0.00839618
0.0175221
0
0.0149376
0.00566493
0.00767175
0.00872782
0.0167984
0.00882611
0.0117092
0.00743999
0.00822983
0.0102043
0.0591469
0.0509553
0.0390857
0.046299
0.0443511
0.0347095
0.0322069
0.0381421
0.0349888
0.0427431
0.0327251
0.0376579
0.0337102
0.029787
0.0289061
0.0262147
0.0338227
0.0338041
0.0322882
0.0354195
0.0358667
0.0235889
0.0181961
0.0218778
0.0220716
0.0157136
0.0143552
0.0122656
0.0131188
0.0155136
0.0193496
0.0264876
0.0267593
0.0276383
0.0254222
0.0251098
0.0237488
0.0244725
0.0265051
0.0270372
0.0214481
0.0196673
0.0160338
0.0231876
0.0149376
0
0.0151438
0.0159698
0.0156302
0.0243322
0.0192672
0.0173648
0.0192444
0.0148247
0.0204928
0.0607924
0.0580618
0.0478143
0.0622066
0.0583318
0.0454079
0.0475799
0.0330825
0.0320648
0.0375227
0.0315247
0.0370952
0.0314289
0.0237832
0.025484
0.0225554
0.0291079
0.0327935
0.0237122
0.0296317
0.0264901
0.0224232
0.013069
0.0176483
0.0163128
0.00727842
0.00743625
0.011597
0.0131198
0.0167863
0.0109009
0.0234537
0.0318065
0.031824
0.0299496
0.0284541
0.0196509
0.0291896
0.0336524
0.0293639
0.0126692
0.0104566
0.00831562
0.0172168
0.00566493
0.0151438
0
0.00535449
0.00892899
0.0164165
0.00921634
0.0100993
0.00722793
0.00767847
0.0144269
0.0600901
0.0598823
0.0509686
0.0624132
0.0589537
0.0456449
0.0452662
0.0325641
0.034125
0.038435
0.0332849
0.0379796
0.0321981
0.0226876
0.0252743
0.0236357
0.0297617
0.032316
0.0262462
0.031496
0.0272477
0.0220119
0.0133349
0.017148
0.0148436
0.00875624
0.00983525
0.0117407
0.0137465
0.0180095
0.0129793
0.0232959
0.0311657
0.030894
0.0270167
0.0275774
0.0201581
0.0297707
0.0338921
0.0307014
0.0145686
0.0133804
0.00984848
0.0187138
0.00767175
0.0159698
0.00535449
0
0.0101144
0.015538
0.0113936
0.0117437
0.00947516
0.00869442
0.0168796
0.0562978
0.0600274
0.0490357
0.061255
0.0582853
0.0453257
0.0466439
0.0355884
0.0357698
0.0381069
0.0337052
0.0368832
0.0325047
0.0242821
0.0242419
0.0249409
0.0290952
0.0327997
0.02452
0.029218
0.0276273
0.0235906
0.013841
0.019893
0.0168332
0.0121806
0.0111139
0.0130316
0.0124554
0.0202354
0.0147631
0.0239101
0.0296
0.0306615
0.0280148
0.026806
0.0216022
0.0284002
0.0315817
0.0273775
0.0158901
0.0156721
0.0116548
0.0198864
0.00872782
0.0156302
0.00892899
0.0101144
0
0.0176828
0.0130216
0.0114243
0.0131212
0.0104169
0.0165764
0.0586922
0.063391
0.0503622
0.0604838
0.060033
0.0436252
0.0436657
0.0352538
0.0353112
0.0411819
0.0322959
0.036284
0.0300424
0.0228834
0.0271567
0.0219295
0.028071
0.0309678
0.0251303
0.029981
0.0274961
0.0244277
0.00807917
0.0117002
0.00479355
0.0176304
0.0181417
0.0227705
0.0239226
0.0265614
0.0214547
0.0235988
0.0312098
0.0309885
0.0271266
0.0299574
0.0212658
0.0294525
0.0332281
0.0314173
0.0247834
0.0217818
0.0194952
0.0282808
0.0167984
0.0243322
0.0164165
0.015538
0.0176828
0
0.0196991
0.0211574
0.0198016
0.0162977
0.0245959
0.0540397
0.0626182
0.0517903
0.0638275
0.0612674
0.0510972
0.0502385
0.0372618
0.038763
0.0419936
0.0358333
0.0398901
0.0348941
0.0272222
0.0272336
0.0266509
0.0323225
0.0356361
0.0280871
0.0330004
0.0305944
0.0256031
0.0147194
0.0230765
0.0198324
0.00738272
0.00898413
0.0169032
0.0164212
0.0231893
0.0138164
0.0285901
0.0322879
0.0339641
0.0310224
0.0296215
0.0253244
0.0313245
0.0357875
0.0326075
0.012794
0.0102833
0.0101729
0.0182327
0.00882611
0.0192672
0.00921634
0.0113936
0.0130216
0.0196991
0
0.0148135
0.00951214
0.0131624
0.0163125
0.0605822
0.0645682
0.0555454
0.0684216
0.0632074
0.0457207
0.0456749
0.036368
0.0374211
0.0367622
0.0378842
0.0417995
0.0352182
0.027087
0.0300202
0.0291838
0.0322761
0.0354232
0.028392
0.0321481
0.0297669
0.0251997
0.0160712
0.0212217
0.020736
0.0132561
0.012982
0.0162586
0.0147463
0.0225255
0.0173355
0.0295247
0.0325479
0.0382319
0.0325725
0.0326166
0.0217163
0.0339923
0.0412282
0.0347821
0.0162113
0.013171
0.016003
0.0219257
0.0117092
0.0173648
0.0100993
0.0117437
0.0114243
0.0211574
0.0148135
0
0.0128825
0.00948565
0.0160594
0.058367
0.0601251
0.0491966
0.0582024
0.0556558
0.0449327
0.0472812
0.035095
0.0355095
0.0409123
0.0343085
0.0400183
0.0355215
0.0263395
0.0259746
0.0251615
0.0294477
0.0339935
0.0256145
0.0302842
0.0271265
0.022099
0.0146936
0.0200153
0.0184044
0.00640964
0.0087832
0.0141567
0.0169482
0.020263
0.0127719
0.0253271
0.0301976
0.0303684
0.0289062
0.0269205
0.0202247
0.0256288
0.0325684
0.0281363
0.0136815
0.0130964
0.00873144
0.0193022
0.00743999
0.0192444
0.00722793
0.00947516
0.0131212
0.0198016
0.00951214
0.0128825
0
0.0126226
0.0130948
0.0606904
0.0632494
0.0492192
0.0654432
0.0613399
0.0442864
0.0453993
0.0348705
0.0351212
0.0400338
0.0340682
0.0385452
0.0315376
0.0239321
0.0240888
0.0247226
0.0290638
0.0312724
0.0256087
0.0301904
0.0291414
0.0224831
0.0128041
0.0180918
0.0172934
0.0117252
0.0104042
0.0133217
0.0142866
0.0202367
0.0114529
0.0245338
0.030277
0.0308256
0.0270361
0.0260201
0.0193237
0.0271468
0.0329018
0.0287084
0.0162649
0.0131769
0.0131108
0.0205797
0.00822983
0.0148247
0.00767847
0.00869442
0.0104169
0.0162977
0.0131624
0.00948565
0.0126226
0
0.017133
0.0590196
0.0580598
0.0497752
0.0560298
0.0529413
0.0445004
0.0415564
0.0378151
0.0387412
0.0431483
0.0404202
0.0437336
0.0394937
0.0307819
0.0307789
0.0297854
0.0324746
0.0363892
0.0286727
0.0333703
0.031277
0.0246674
0.0182676
0.0247887
0.0236932
0.0117923
0.0127893
0.0152689
0.0178839
0.0246303
0.0180502
0.0280026
0.0312442
0.0343162
0.031438
0.0274789
0.0263462
0.0332916
0.035635
0.0301776
0.0170308
0.0147175
0.0146386
0.0223658
0.0102043
0.0204928
0.0144269
0.0168796
0.0165764
0.0245959
0.0163125
0.0160594
0.0130948
0.017133
0
0.0584597
0.0737192
0.0611024
0.0538965
0.0458888
0.0579104
0.0564243
0.0573269
0.0610934
0.05711
0.0627415
0.061247
0.0610075
0.0577336
0.0625995
0.0611283
0.063358
0.0617597
0.0573473
0.0607128
0.0586977
0.052386
0.0516784
0.0529441
0.0522284
0.0598132
0.0569635
0.059432
0.060601
0.0608229
0.0642278
0.0540143
0.0485967
0.0506355
0.0596866
0.0505866
0.058403
0.0534103
0.0532586
0.0502809
0.0594357
0.0542494
0.0597332
0.063564
0.0591469
0.0607924
0.0600901
0.0562978
0.0586922
0.0540397
0.0605822
0.058367
0.0606904
0.0590196
0.0584597
0
