82
0
0.0130003
0.0090773
0.0135272
0.0164381
0.0147174
0.00943155
0.00798395
0.0134792
0.0046528
0.00428009
0.0133962
0.0146341
0.0160713
0.0137997
0.0106781
0.0113084
0.0104002
0.0102717
0.0106065
0.00330415
0.0160666
0.015552
0.00894767
0.00834282
0.0330066
0.00710749
0.0134535
0.00864775
0.00702579
0.0165849
0.0127461
0.00665871
0.00703025
0.00848017
0.00365715
0.00582036
0.00558098
0.00622126
0.00476453
0.00393116
0.00649275
0.0146727
0.0209731
0.0255731
0.0230196
0.0206053
0.0159145
0.00697738
0.0242692
0.0105572
0.0083511
0.015498
0.00626125
0.00672059
0.0111199
0.00503649
0.0276636
0.0270731
0.0045959
0.00706173
0.0167137
0.0125307
0.00910387
0.00523255
0.019459
0.00880025
0.0166804
0.00950334
0.00939164
0.0100158
0.0100969
0.00589673
0.00881754
0.0128615
0.0110592
0.00342287
0.0144035
0.0139628
0.011298
0.0173225
0.0142167
0.0130003
0
0.0119499
0.0198017
0.0182178
0.0113263
0.00767332
0.0173035
0.0134402
0.0118916
0.0105761
0.0159711
0.0214906
0.0159821
0.0144071
0.0121043
0.0118801
0.0112285
0.0116069
0.0120287
0.0189044
0.0157405
0.0143771
0.0136978
0.0113115
0.0365691
0.0178818
0.0191429
0.0171688
0.0185889
0.00153805
0.0193879
0.0139826
0.0121367
0.0133811
0.0187644
0.0146301
0.0168198
0.0142206
0.0178446
0.0173663
0.012961
0.0277546
0.028846
0.0337453
0.0305891
0.0307039
0.0187853
0.0152896
0.0311052
0.0180474
0.0168107
0.00947837
0.015541
0.0139291
0.00628217
0.0174318
0.0305675
0.0329328
0.0141244
0.0110226
0.00988642
0.00539691
0.0137819
0.015921
0.0043876
0.0159366
0.0150101
0.0199116
0.0179869
0.0169325
0.014974
0.0159722
0.0163811
0.0159292
0.0122295
0.0165294
0.0141637
0.0155751
0.00993988
0.0161749
0.00835653
0.0090773
0.0119499
0
0.0121466
0.0140504
0.012555
0.00773439
0.00966624
0.0119399
0.00502141
0.00430848
0.0117573
0.0157457
0.0113175
0.0123876
0.0103126
0.00911236
0.00894295
0.00742881
0.00814633
0.00774746
0.0126506
0.0128286
0.00573199
0.00564009
0.0338261
0.00845336
0.0122787
0.0115388
0.00866996
0.0135531
0.016652
0.00584572
0.00796171
0.00889523
0.00874993
0.0110456
0.010502
0.0087624
0.0113969
0.00766301
0.0104651
0.0171302
0.0189271
0.0247692
0.0224173
0.0197952
0.0156875
0.0106858
0.0278027
0.00854808
0.010741
0.0136436
0.00520481
0.00716582
0.00808572
0.00908163
0.02654
0.024197
0.0101167
0.00442606
0.0158034
0.0139882
0.0127074
0.0105115
0.018472
0.00700189
0.0141803
0.0124625
0.0149046
0.00869338
0.0104915
0.0108677
0.00836448
0.00956254
0.0106073
0.00856174
0.0118869
0.0109539
0.0109531
0.0142731
0.0139377
0.0135272
0.0198017
0.0121466
0
0.0093568
0.0189139
0.0181182
0.0160293
0.0172028
0.0143379
0.0135571
0.0183506
0.0238238
0.0211747
0.0179031
0.0140099
0.0133518
0.0128752
0.0138529
0.0138039
0.0148485
0.0199095
0.0195151
0.0160206
0.0171914
0.0384423
0.0157826
0.0212807
0.0185895
0.0155912
0.0183449
0.0197148
0.0121822
0.00958415
0.0148726
0.0165934
0.0125047
0.0167003
0.0117213
0.0150502
0.0184355
0.0128298
0.0195549
0.0271857
0.0304202
0.0277095
0.0255614
0.00408851
0.0125155
0.0314568
0.022481
0.0158473
0.0150949
0.0128814
0.0132979
0.0185941
0.0144841
0.029833
0.0310446
0.0139046
0.0133603
0.011634
0.00709812
0.0131221
0.015432
0.0187284
0.0163176
0.0193149
0.0167335
0.0194921
0.0166332
0.0156165
0.0149217
0.0171687
0.0198846
0.0153748
0.0159923
0.0180506
0.0184497
0.0182141
0.0199343
0.0161602
0.0164381
0.0182178
0.0140504
0.0093568
0
0.0196443
0.0178919
0.0166524
0.0173082
0.0129675
0.012724
0.0186523
0.022386
0.0218803
0.0178098
0.0150498
0.0137194
0.0131634
0.0133387
0.0134762
0.0171462
0.0203715
0.020661
0.0176874
0.0166353
0.0335764
0.0168691
0.0207207
0.0177729
0.0163555
0.0169564
0.0190859
0.0141137
0.0109204
0.0158226
0.0193937
0.0141003
0.0167394
0.0143876
0.0165399
0.0198314
0.014994
0.0251573
0.0255662
0.0287193
0.0263901
0.0251571
0.00812123
0.0153528
0.029535
0.0206376
0.0158659
0.0155145
0.012725
0.0150989
0.0172803
0.0168135
0.0274965
0.0274689
0.014081
0.014989
0.0125712
0.00786851
0.0139901
0.0180538
0.0179404
0.016139
0.0190261
0.0171817
0.019648
0.0162741
0.0164435
0.0161626
0.018109
0.0189133
0.0157244
0.0182043
0.0180568
0.0186449
0.0178342
0.0183452
0.0154191
0.0147174
0.0113263
0.012555
0.0189139
0.0196443
0
0.0071798
0.0154693
0.0146492
0.00261537
0.00343859
0.0172532
0.0180479
0.0132865
0.0158044
0.0119064
0.011936
0.0113515
0.0119191
0.0102068
0.0156419
0.00838345
0.00876183
0.00914262
0.00557471
0.0389081
0.0151332
0.0187627
0.0175076
0.0149519
0.0129117
0.0206306
0.0115704
0.0107333
0.0137684
0.0154591
0.016419
0.017335
0.0128089
0.0158113
0.0148939
0.0127917
0.0152597
0.0239836
0.0264231
0.0249239
0.0231334
0.0199394
0.0127897
0.0294455
0.0174588
0.0148942
0.0126365
0.011141
0.0136722
0.00475387
0.0148701
0.0259156
0.0284104
0.013084
0.00842286
0.016114
0.0110425
0.0142329
0.0159232
0.0143712
0.0130641
0.0189205
0.0157111
0.0181009
0.0134621
0.0161906
0.0147367
0.013292
0.0117538
0.0132187
0.0152591
0.016114
0.0180431
0.0125232
0.0197493
0.0134423
0.00943155
0.00767332
0.00773439
0.0181182
0.0178919
0.0071798
0
0.0160932
0.0155408
0.0119445
0.00997603
0.0171653
0.0196752
0.0174739
0.015777
0.0137349
0.0122573
0.0107551
0.0108993
0.011525
0.0179788
0.0170536
0.0165738
0.0136536
0.0106358
0.0354956
0.0171662
0.0150422
0.0159062
0.0189961
0.00505826
0.0202759
0.0139054
0.0117767
0.0147265
0.0209331
0.0147353
0.0166126
0.015128
0.0163424
0.0194614
0.0139344
0.0299783
0.0285819
0.0344475
0.0318481
0.0313162
0.0178324
0.015458
0.0299888
0.0163172
0.0143178
0.0111026
0.0157467
0.0140719
0.00663526
0.0181906
0.0320918
0.0332972
0.0166521
0.0109456
0.00943257
0.00701042
0.0145757
0.0188679
0.00553177
0.0160612
0.0156909
0.0177045
0.0182177
0.0163693
0.0168249
0.018357
0.0170864
0.016733
0.0147296
0.0178681
0.0149306
0.0148915
0.0142705
0.0169684
0.0116863
0.00798395
0.0173035
0.00966624
0.0160293
0.0166524
0.0154693
0.0160932
0
0.0128541
0.00892551
0.00840418
0.0127326
0.0154006
0.0131229
0.012665
0.0115302
0.0111875
0.0116113
0.0124646
0.0121031
0.00757377
0.0175509
0.0172198
0.0107959
0.0103866
0.0356572
0.00304894
0.0147942
0.00854885
0.00773477
0.0195308
0.0118395
0.00797308
0.0079401
0.0126679
0.00616951
0.00724844
0.0067128
0.00882995
0.00467245
0.00761924
0.00803618
0.0171188
0.0181188
0.0244259
0.0227356
0.0186615
0.0175868
0.00935551
0.0241366
0.0169493
0.00303334
0.0197013
0.0105744
0.00837297
0.0133842
0.00797867
0.0277294
0.0251459
0.00899383
0.00796518
0.0171269
0.0162702
0.0109235
0.00784641
0.0203158
0.00927475
0.021587
0.0097613
0.0094672
0.00969745
0.0125578
0.00867084
0.0122071
0.0138277
0.0120614
0.00704383
0.0180832
0.0189892
0.0138779
0.0217301
0.0172737
0.0134792
0.0134402
0.0119399
0.0172028
0.0173082
0.0146492
0.0155408
0.0128541
0
0.00921274
0.00937445
0.00502193
0.0193452
0.0158192
0.00328211
0.00508852
0.00758444
0.0103335
0.0115043
0.00987902
0.0134033
0.0192779
0.0188759
0.0110928
0.0128874
0.0367748
0.0130738
0.0162578
0.0141458
0.0133742
0.017601
0.0201281
0.0113676
0.0110174
0.0125604
0.0138519
0.0140233
0.0147174
0.0117303
0.0139545
0.0141475
0.0122774
0.0165141
0.0230349
0.0271374
0.0260588
0.023856
0.0192685
0.0105774
0.0304785
0.0143315
0.0135658
0.0167261
0.0107506
0.0100973
0.0113284
0.0136869
0.028524
0.028352
0.0128712
0.0135337
0.0176051
0.0128667
0.0143044
0.0151517
0.0207963
0.0113306
0.0182391
0.0145526
0.0183844
0.0111082
0.0161393
0.013997
0.0106115
0.0149786
0.00568727
0.0144401
0.0163472
0.0161056
0.0170294
0.0196159
0.0186524
0.0046528
0.0118916
0.00502141
0.0143379
0.0129675
0.00261537
0.0119445
0.00892551
0.00921274
0
0.00165387
0.0143149
0.025071
0.0146113
0.0138735
0.0102531
0.0105137
0.00949057
0.0100841
0.0101067
0.01495
0.0138944
0.013715
0.016856
0.0163472
0.0337974
0.015736
0.0175532
0.0152207
0.0194083
0.0132029
0.0180871
0.0110685
0.0083715
0.0124497
0.0151866
0.0108547
0.0138493
0.0096237
0.0131395
0.0154691
0.0102019
0.0272114
0.0309705
0.0306896
0.0289169
0.0263016
0.0140631
0.0113951
0.0271603
0.0227062
0.0127609
0.00948825
0.0168502
0.0113297
0.0186483
0.0123701
0.0274308
0.030301
0.0102659
0.0146337
0.0116329
0.00340954
0.0101795
0.0130342
0.0126763
0.0121686
0.0186212
0.0158863
0.015023
0.0111052
0.0138194
0.0120857
0.0160385
0.0160791
0.0111726
0.0123579
0.0153106
0.0178581
0.0101547
0.0193716
0.00789466
0.00428009
0.0105761
0.00430848
0.0135571
0.012724
0.00343859
0.00997603
0.00840418
0.00937445
0.00165387
0
0.0148789
0.024417
0.0169878
0.0138528
0.0104785
0.0108898
0.00915467
0.00969213
0.00964654
0.0141806
0.015193
0.0128516
0.0164728
0.0162233
0.0320701
0.0149839
0.0163736
0.0139598
0.0195375
0.0123688
0.0173348
0.0101038
0.00777745
0.0118803
0.0152889
0.0108527
0.0138895
0.0090708
0.0123477
0.0155349
0.00962561
0.0284448
0.0330327
0.0309613
0.0304363
0.0280909
0.0126881
0.0103495
0.027064
0.0216732
0.0121843
0.00858064
0.0173993
0.0117673
0.0184816
0.0111453
0.0276144
0.0316555
0.00938223
0.0138891
0.009962
0.00254496
0.00948626
0.0131628
0.012943
0.0126046
0.0171761
0.0154102
0.0151062
0.0121228
0.0123456
0.0115411
0.0152371
0.017245
0.0114119
0.012211
0.0149911
0.0163975
0.0110337
0.0176189
0.00824443
0.0133962
0.0159711
0.0117573
0.0183506
0.0186523
0.0172532
0.0171653
0.0127326
0.00502193
0.0143149
0.0148789
0
0.0215363
0.0188947
0.00384625
0.00595296
0.00773306
0.0106
0.0116801
0.0107822
0.012688
0.0214646
0.020799
0.0128856
0.014104
0.0374189
0.0123586
0.0174589
0.013041
0.015167
0.0192237
0.0182054
0.0122436
0.0107257
0.0123518
0.0149023
0.0141523
0.0150027
0.0111314
0.0125834
0.0145423
0.0112414
0.0178615
0.0237886
0.0276031
0.0271064
0.0257233
0.0201896
0.00979272
0.0284679
0.0137878
0.012268
0.0183642
0.01064
0.0093946
0.0129606
0.0135419
0.0292352
0.0303698
0.0130125
0.0146713
0.0175601
0.012766
0.0133144
0.0152397
0.0222969
0.00967613
0.0192406
0.0154799
0.0177551
0.0103438
0.0147466
0.0139607
0.0120969
0.015421
0.00643778
0.0132501
0.017062
0.0166249
0.0176822
0.021427
0.0192305
0.0146341
0.0214906
0.0157457
0.0238238
0.022386
0.0180479
0.0196752
0.0154006
0.0193452
0.025071
0.024417
0.0215363
0
0.022165
0.0177221
0.014239
0.0141134
0.0123863
0.0127459
0.0132937
0.0210158
0.0223658
0.0221438
0.020173
0.0173005
0.0371875
0.0172154
0.0183126
0.0159406
0.011765
0.0169249
0.0206279
0.0155937
0.0147461
0.01799
0.0206145
0.0158405
0.0168098
0.0172426
0.0164727
0.0201661
0.0157478
0.0346437
0.0324978
0.036144
0.0354368
0.0321616
0.0210897
0.018961
0.0289216
0.0203043
0.0131704
0.014025
0.0146383
0.0156644
0.0173513
0.0202977
0.0385915
0.0341539
0.0165256
0.0138572
0.0140057
0.011087
0.0160063
0.0196277
0.0163433
0.0177729
0.021343
0.0193849
0.0189248
0.0183084
0.0199459
0.0204409
0.019368
0.0214909
0.0144836
0.0180604
0.0188046
0.0188288
0.0206587
0.0212276
0.0178011
0.0160713
0.0159821
0.0113175
0.0211747
0.0218803
0.0132865
0.0174739
0.0131229
0.0158192
0.0146113
0.0169878
0.0188947
0.022165
0
0.016039
0.0125691
0.0123929
0.0121206
0.0136229
0.00886613
0.0159596
0.0168452
0.0165407
0.0100447
0.0129004
0.0384299
0.0148789
0.0158656
0.0170073
0.0189945
0.0105225
0.0203855
0.0141759
0.0130776
0.0116453
0.0194534
0.0158819
0.0188983
0.0157028
0.0138919
0.0194072
0.0145851
0.0274716
0.0258185
0.0314965
0.0288683
0.0268334
0.0197842
0.0128665
0.029094
0.0223651
0.0132457
0.0132518
0.0162872
0.0156399
0.0114826
0.0138141
0.030055
0.0305375
0.0122994
0.0152247
0.0114255
0.00603686
0.0153785
0.0168984
0.0114349
0.0185564
0.0193513
0.0168371
0.0217152
0.0181997
0.0177459
0.0132784
0.0146684
0.00700386
0.0134985
0.0175472
0.017682
0.0200016
0.0147522
0.0200554
0.0127096
0.0137997
0.0144071
0.0123876
0.0179031
0.0178098
0.0158044
0.015777
0.012665
0.00328211
0.0138735
0.0138528
0.00384625
0.0177221
0.016039
0
0.00457518
0.0058705
0.00870746
0.00995863
0.00877014
0.0128637
0.0201615
0.0198828
0.0121918
0.0125091
0.0371076
0.0130003
0.017344
0.0130992
0.0137706
0.0172839
0.0186621
0.0103708
0.0100345
0.0128428
0.0137358
0.0136288
0.0145139
0.0103005
0.0128088
0.0134295
0.0102412
0.0186748
0.022858
0.0271406
0.0271905
0.0247953
0.019641
0.00925086
0.0280475
0.0148792
0.0123585
0.0156206
0.0104618
0.00936926
0.0115811
0.0135421
0.029101
0.0287806
0.0124234
0.013791
0.0167985
0.0118876
0.0131484
0.0141657
0.0200209
0.0099423
0.0185854
0.0153211
0.017753
0.0103991
0.0144527
0.0127261
0.011272
0.0145748
0.00495287
0.0135727
0.0161806
0.0169316
0.0159009
0.0208456
0.0180853
0.0106781
0.0121043
0.0103126
0.0140099
0.0150498
0.0119064
0.0137349
0.0115302
0.00508852
0.0102531
0.0104785
0.00595296
0.014239
0.0125691
0.00457518
0
0.00552777
0.00728284
0.00834022
0.00655794
0.0118466
0.0161471
0.0155017
0.00860645
0.00955467
0.0360505
0.0118873
0.016367
0.0136912
0.0104606
0.0162671
0.0185967
0.0082309
0.00720476
0.0105932
0.0119121
0.012955
0.0124676
0.00860205
0.0127778
0.0108813
0.00918317
0.014891
0.0204871
0.0263284
0.0236407
0.0222147
0.0178889
0.00852338
0.028712
0.0104022
0.0123486
0.0127176
0.00624153
0.00746997
0.00876989
0.0117949
0.025806
0.0268555
0.010274
0.00980262
0.0162947
0.0114395
0.0112758
0.0130124
0.0191697
0.00965639
0.0145072
0.0137169
0.0158379
0.0102193
0.0138898
0.0122243
0.00933261
0.0128841
0.00118293
0.0111115
0.0123477
0.0121295
0.0145565
0.0164722
0.0163602
0.0113084
0.0118801
0.00911236
0.0133518
0.0137194
0.011936
0.0122573
0.0111875
0.00758444
0.0105137
0.0108898
0.00773306
0.0141134
0.0123929
0.0058705
0.00552777
0
0.00300396
0.00299349
0.0016301
0.0103232
0.0138367
0.0132624
0.00691537
0.0098201
0.0360486
0.00965384
0.0123034
0.0115543
0.0112403
0.0135561
0.0182504
0.00728087
0.00587004
0.00737149
0.011464
0.0124101
0.0124194
0.00895522
0.0119611
0.010748
0.00896162
0.0166214
0.0200628
0.0255197
0.0240019
0.0229955
0.0173793
0.00720383
0.0282833
0.011652
0.0106139
0.0132312
0.00895277
0.00871547
0.00811294
0.0102154
0.0254256
0.0267061
0.00996699
0.0103109
0.0133077
0.00908363
0.0115376
0.0127845
0.017802
0.00910999
0.0155789
0.0109926
0.0164961
0.00913101
0.0130408
0.011026
0.00802916
0.00954024
0.0053075
0.0105097
0.0142382
0.0137869
0.0130116
0.0168341
0.0147081
0.0104002
0.0112285
0.00894295
0.0128752
0.0131634
0.0113515
0.0107551
0.0116113
0.0103335
0.00949057
0.00915467
0.0106
0.0123863
0.0121206
0.00870746
0.00728284
0.00300396
0
0.00199033
0.000777791
0.0107782
0.0117698
0.0116654
0.00774434
0.00842003
0.0349801
0.010576
0.0129916
0.0123656
0.00924933
0.012338
0.0173191
0.00556686
0.00476707
0.00807967
0.00991487
0.0116356
0.0114913
0.00745682
0.0112153
0.0097974
0.00723256
0.0196921
0.0190788
0.0247429
0.0227916
0.0228009
0.016281
0.00667651
0.0272399
0.0107534
0.0111997
0.0115708
0.00728245
0.00745877
0.00826363
0.0107475
0.0255709
0.0253715
0.00965312
0.00894961
0.0122955
0.00737035
0.00925441
0.0112529
0.0155795
0.00830066
0.0145577
0.0107434
0.0156025
0.00879451
0.0117598
0.0105876
0.00793445
0.0112778
0.00597761
0.00977525
0.0132957
0.012841
0.0115665
0.0157299
0.0132949
0.0102717
0.0116069
0.00742881
0.0138529
0.0133387
0.0119191
0.0108993
0.0124646
0.0115043
0.0100841
0.00969213
0.0116801
0.0127459
0.0136229
0.00995863
0.00834022
0.00299349
0.00199033
0
0.00163824
0.00957515
0.0113796
0.0105301
0.00667921
0.00695129
0.0341775
0.0100479
0.0120845
0.0122696
0.00837634
0.0115035
0.0169805
0.00593666
0.00575066
0.00794533
0.00927791
0.0116085
0.0109242
0.00809332
0.0120997
0.00849941
0.0084098
0.0178888
0.0190084
0.0248814
0.0225996
0.0218692
0.0165092
0.00691407
0.0275213
0.00967617
0.0106885
0.0116814
0.00618815
0.00725593
0.00724908
0.0102431
0.0250315
0.0255578
0.00972068
0.00800382
0.0127513
0.00912923
0.0107221
0.0109332
0.0167934
0.00737021
0.0137625
0.01104
0.0153462
0.00891483
0.0112288
0.01083
0.00837636
0.00953416
0.00702728
0.00835701
0.0123108
0.0117603
0.010577
0.0146575
0.0127925
0.0106065
0.0120287
0.00814633
0.0138039
0.0134762
0.0102068
0.011525
0.0121031
0.00987902
0.0101067
0.00964654
0.0107822
0.0132937
0.00886613
0.00877014
0.00655794
0.0016301
0.000777791
0.00163824
0
0.010957
0.0100866
0.00984968
0.00636848
0.00698821
0.0361557
0.0107195
0.0132162
0.0130242
0.00864888
0.0122865
0.0180751
0.00612932
0.00588469
0.00848011
0.00939811
0.0117218
0.0110311
0.00870439
0.0120545
0.00897932
0.00823912
0.0203846
0.0168282
0.0232965
0.0205944
0.0190282
0.0172205
0.00810672
0.0280512
0.0114785
0.0116359
0.0122771
0.0064782
0.00693164
0.00819295
0.0108091
0.0240957
0.023521
0.00976321
0.00873098
0.0149458
0.00979239
0.0109477
0.0109918
0.0165488
0.00763803
0.0152914
0.0110931
0.01564
0.00708997
0.0118878
0.0107062
0.00820219
0.0090849
0.00599885
0.00908591
0.0133282
0.0136086
0.0108398
0.0163798
0.012848
0.00330415
0.0189044
0.00774746
0.0148485
0.0171462
0.0156419
0.0179788
0.00757377
0.0134033
0.01495
0.0141806
0.012688
0.0210158
0.0159596
0.0128637
0.0118466
0.0103232
0.0107782
0.00957515
0.010957
0
0.0164185
0.0161792
0.00910286
0.00910789
0.0348882
0.00705608
0.0155312
0.0100631
0.0107252
0.0166502
0.0138845
0.00902802
0.00865796
0.0108563
0.00492608
0.00483746
0.00655295
0.00771153
0.0057444
0.00466753
0.00737789
0.0153891
0.020124
0.0240513
0.0226764
0.0186172
0.0189957
0.00602497
0.0236363
0.0119166
0.0087722
0.0162624
0.00785037
0.0085436
0.0124663
0.00635465
0.0273373
0.0255928
0.00447254
0.00936888
0.0191443
0.0138523
0.0101039
0.00605319
0.022073
0.00937507
0.0180495
0.0101946
0.00956785
0.00896642
0.00995842
0.00540347
0.00998378
0.0119929
0.0130871
0.00424365
0.0145876
0.0155866
0.0124461
0.01948
0.0149081
0.0160666
0.0157405
0.0126506
0.0199095
0.0203715
0.00838345
0.0170536
0.0175509
0.0192779
0.0138944
0.015193
0.0214646
0.0223658
0.0168452
0.0201615
0.0161471
0.0138367
0.0117698
0.0113796
0.0100866
0.0164185
0
0.00365242
0.014471
0.013434
0.0408622
0.0165183
0.0212898
0.0197013
0.0193629
0.0118426
0.0217231
0.0135146
0.011998
0.0159197
0.0194586
0.0166139
0.018756
0.0128416
0.0159169
0.0198585
0.0127453
0.0307869
0.0271528
0.0312267
0.0274678
0.0269148
0.0194408
0.011927
0.0301211
0.0207409
0.0169544
0.0130003
0.0164319
0.0156669
0.00846723
0.0164729
0.0283886
0.0304176
0.0128697
0.0133411
0.0143333
0.00748315
0.0153658
0.0175997
0.0128029
0.0176777
0.019731
0.0175099
0.01968
0.0176878
0.0177831
0.0163885
0.0173862
0.0165237
0.0152841
0.0172498
0.0171765
0.0200905
0.0122737
0.0193742
0.0105747
0.015552
0.0143771
0.0128286
0.0195151
0.020661
0.00876183
0.0165738
0.0172198
0.0188759
0.013715
0.0128516
0.020799
0.0221438
0.0165407
0.0198828
0.0155017
0.0132624
0.0116654
0.0105301
0.00984968
0.0161792
0.00365242
0
0.0103803
0.0108903
0.0411248
0.017008
0.0219005
0.0204452
0.0178441
0.0128586
0.0218236
0.0133345
0.0120277
0.016889
0.0189051
0.0165653
0.0189258
0.0134276
0.0170628
0.0195083
0.0130158
0.0283323
0.0248442
0.0290457
0.024985
0.0248285
0.0199251
0.013707
0.0309279
0.0195167
0.0175596
0.013208
0.0154057
0.0155897
0.00644122
0.0177496
0.0256611
0.0280621
0.0133605
0.0115614
0.0136721
0.00792079
0.0153007
0.0173781
0.0140828
0.0185139
0.0194222
0.0177953
0.0197913
0.0187332
0.0178575
0.0166378
0.0164817
0.0149977
0.0155556
0.0168215
0.0175732
0.0194005
0.0125551
0.0195971
0.0114584
0.00894767
0.0136978
0.00573199
0.0160206
0.0176874
0.00914262
0.0136536
0.0107959
0.0110928
0.016856
0.0164728
0.0128856
0.020173
0.0100447
0.0121918
0.00860645
0.00691537
0.00774434
0.00667921
0.00636848
0.00910286
0.014471
0.0103803
0
0.0092784
0.0353006
0.0140272
0.0156396
0.0154273
0.0150541
0.0128493
0.0181884
0.011646
0.010091
0.0120662
0.0162399
0.0135087
0.0165741
0.012949
0.0136361
0.0173785
0.0123765
0.0239702
0.024502
0.029364
0.027038
0.0252867
0.0156324
0.0128094
0.0319601
0.0173161
0.0139149
0.0110019
0.012983
0.0112392
0.00683711
0.0141409
0.0271984
0.0293367
0.012934
0.00958542
0.00773092
0.00457805
0.0127397
0.0146533
0.0114196
0.0143306
0.0147842
0.0160345
0.0182061
0.014913
0.0153514
0.0141946
0.0124605
0.00875897
0.0109692
0.0161973
0.0138277
0.0142463
0.0118348
0.0160375
0.0110331
0.00834282
0.0113115
0.00564009
0.0171914
0.0166353
0.00557471
0.0106358
0.0103866
0.0128874
0.0163472
0.0162233
0.014104
0.0173005
0.0129004
0.0125091
0.00955467
0.0098201
0.00842003
0.00695129
0.00698821
0.00910789
0.013434
0.0108903
0.0092784
0
0.0338453
0.0139292
0.0152757
0.0137905
0.0174926
0.00996892
0.0162519
0.0113259
0.00952892
0.0118258
0.0168447
0.0125226
0.0154513
0.0123737
0.0150339
0.0153669
0.0118882
0.0266121
0.0269711
0.0312029
0.0289208
0.0272869
0.0167058
0.0131079
0.0262903
0.0191655
0.0119774
0.0079886
0.0131356
0.0113559
0.0117547
0.0134001
0.0291353
0.0315263
0.00998498
0.010591
0.009458
0.00642019
0.0115924
0.0140549
0.0105912
0.0126655
0.0131713
0.0164232
0.0145027
0.0124748
0.0147767
0.0124434
0.0150903
0.0130766
0.0114897
0.0148519
0.012455
0.0131066
0.010953
0.0156957
0.00760149
0.0330066
0.0365691
0.0338261
0.0384423
0.0335764
0.0389081
0.0354956
0.0356572
0.0367748
0.0337974
0.0320701
0.0374189
0.0371875
0.0384299
0.0371076
0.0360505
0.0360486
0.0349801
0.0341775
0.0361557
0.0348882
0.0408622
0.0411248
0.0353006
0.0338453
0
0.0315418
0.0335379
0.0299227
0.034098
0.0380148
0.0311542
0.0295725
0.028786
0.0326244
0.0302975
0.0270488
0.0332118
0.0278484
0.0295334
0.0337144
0.028206
0.0735778
0.0410377
0.045868
0.0434436
0.0428014
0.0348444
0.0305668
0.0363379
0.0362977
0.0313963
0.0323089
0.0267266
0.0271305
0.0333765
0.0302437
0.0465391
0.046768
0.0301802
0.0325471
0.034151
0.0304271
0.0291116
0.0292564
0.0395862
0.025314
0.0369662
0.0366146
0.0353471
0.025754
0.0320843
0.0296519
0.0335783
0.035076
0.0306665
0.0319384
0.0366322
0.0336974
0.0365869
0.0380523
0.0359194
0.00710749
0.0178818
0.00845336
0.0157826
0.0168691
0.0151332
0.0171662
0.00304894
0.0130738
0.015736
0.0149839
0.0123586
0.0172154
0.0148789
0.0130003
0.0118873
0.00965384
0.010576
0.0100479
0.0107195
0.00705608
0.0165183
0.017008
0.0140272
0.0139292
0.0315418
0
0.0147388
0.00834612
0.00825018
0.018737
0.0141149
0.00830481
0.00877914
0.0113234
0.0055109
0.00772013
0.00558904
0.00928971
0.00487268
0.00640978
0.00853315
0.0171898
0.0170481
0.0234886
0.0213194
0.0173291
0.0168115
0.00928076
0.0265047
0.0155605
0.00455636
0.0193894
0.00880913
0.00824933
0.0124506
0.00736259
0.0259569
0.023511
0.00877898
0.00743661
0.0172937
0.0167987
0.0113696
0.00741319
0.0205725
0.00832364
0.0204991
0.00865479
0.0108365
0.00808117
0.01155
0.00820868
0.0109793
0.0120369
0.0127867
0.00632861
0.0181538
0.0179845
0.011826
0.0204981
0.0155447
0.0134535
0.0191429
0.0122787
0.0212807
0.0207207
0.0187627
0.0150422
0.0147942
0.0162578
0.0175532
0.0163736
0.0174589
0.0183126
0.0158656
0.017344
0.016367
0.0123034
0.0129916
0.0120845
0.0132162
0.0155312
0.0212898
0.0219005
0.0156396
0.0152757
0.0335379
0.0147388
0
0.0131965
0.0138273
0.0198004
0.0191637
0.0136434
0.0142738
0.0139522
0.0134511
0.013977
0.014639
0.014684
0.0141483
0.0135482
0.0137325
0.0209633
0.0223078
0.0268097
0.0240657
0.0224005
0.0202247
0.0151129
0.030162
0.0186641
0.0125974
0.0209098
0.00989884
0.01153
0.0113375
0.014271
0.0299103
0.0286375
0.015231
0.0128637
0.019037
0.0174217
0.0172894
0.0155109
0.0209616
0.0111212
0.0224566
0.015024
0.0178495
0.0114195
0.0179818
0.0162235
0.0139485
0.0143648
0.014819
0.0133242
0.0203488
0.0189048
0.0171936
0.020792
0.0197516
0.00864775
0.0171688
0.0115388
0.0185895
0.0177729
0.0175076
0.0159062
0.00854885
0.0141458
0.0152207
0.0139598
0.013041
0.0159406
0.0170073
0.0130992
0.0136912
0.0115543
0.0123656
0.0122696
0.0130242
0.0100631
0.0197013
0.0204452
0.0154273
0.0137905
0.0299227
0.00834612
0.0131965
0
0.00725066
0.020175
0.0146474
0.0102123
0.0112901
0.0107679
0.00666071
0.0118155
0.0079591
0.0110677
0.00897533
0.00830488
0.0113411
0.0170679
0.0207327
0.0247069
0.0228406
0.0205143
0.0182755
0.0100565
0.0267185
0.0155441
0.00745749
0.0209971
0.00934392
0.0086257
0.0130373
0.00896751
0.0282532
0.0274236
0.0117025
0.00872701
0.0212462
0.0188639
0.0132168
0.00893047
0.0202152
0.00926723
0.0213939
0.0106884
0.0111765
0.00957924
0.0125378
0.00996831
0.0119105
0.0126788
0.0128006
0.00837097
0.0181479
0.0179584
0.0138167
0.0214002
0.015992
0.00702579
0.0185889
0.00866996
0.0155912
0.0163555
0.0149519
0.0189961
0.00773477
0.0133742
0.0194083
0.0195375
0.015167
0.011765
0.0189945
0.0137706
0.0104606
0.0112403
0.00924933
0.00837634
0.00864888
0.0107252
0.0193629
0.0178441
0.0150541
0.0174926
0.034098
0.00825018
0.0138273
0.00725066
0
0.0154915
0.0138971
0.00897998
0.00668576
0.0128675
0.0138094
0.00907119
0.00952518
0.009921
0.00893478
0.0153517
0.00889048
0.0246727
0.030991
0.0340589
0.0316936
0.0292503
0.0120982
0.010859
0.0258736
0.0210451
0.00748944
0.0115725
0.0172392
0.00904661
0.0180959
0.0125338
0.0322718
0.0334109
0.0082654
0.013675
0.0108686
0.00690061
0.0111499
0.0123946
0.015688
0.0126583
0.0175863
0.011517
0.0121869
0.0129233
0.0139671
0.0133077
0.0149773
0.0194927
0.00973438
0.0112819
0.0155579
0.0169638
0.014371
0.0181572
0.0115556
0.0165849
0.00153805
0.0135531
0.0183449
0.0169564
0.0129117
0.00505826
0.0195308
0.017601
0.0132029
0.0123688
0.0192237
0.0169249
0.0105225
0.0172839
0.0162671
0.0135561
0.012338
0.0115035
0.0122865
0.0166502
0.0118426
0.0128586
0.0128493
0.00996892
0.0380148
0.018737
0.0198004
0.020175
0.0154915
0
0.023854
0.0110608
0.0137716
0.0160141
0.0153037
0.0179669
0.0177195
0.01223
0.0166464
0.0150762
0.0142493
0.0220323
0.0213912
0.0270049
0.0239164
0.0235183
0.0194413
0.0114444
0.0324281
0.00998137
0.0183954
0.0112709
0.00819145
0.0135754
0.000301863
0.0173883
0.0284898
0.027345
0.0155601
0.0065579
0.013234
0.00858384
0.0161055
0.0159615
0.00572075
0.0136099
0.0138303
0.018479
0.0223331
0.0152014
0.0143789
0.0163784
0.0151549
0.0087799
0.0147351
0.0151972
0.0112897
0.0116542
0.00903276
0.013769
0.0101868
0.0127461
0.0193879
0.016652
0.0197148
0.0190859
0.0206306
0.0202759
0.0118395
0.0201281
0.0180871
0.0173348
0.0182054
0.0206279
0.0203855
0.0186621
0.0185967
0.0182504
0.0173191
0.0169805
0.0180751
0.0138845
0.0217231
0.0218236
0.0181884
0.0162519
0.0311542
0.0141149
0.0191637
0.0146474
0.0138971
0.023854
0
0.011807
0.0124376
0.0173936
0.00870201
0.00960881
0.0161468
0.0121677
0.0102236
0.0102705
0.0117513
0.0271009
0.024573
0.0311483
0.0275478
0.0258299
0.0203098
0.0120106
0.0251807
0.0210785
0.0111037
0.0213927
0.0148331
0.0113083
0.019237
0.0104787
0.0325176
0.0295342
0.0128594
0.0131985
0.0208647
0.0176542
0.013773
0.00965544
0.022788
0.0135157
0.0246082
0.0168525
0.0141219
0.0137963
0.0146066
0.010578
0.0185772
0.0200963
0.0148454
0.0113755
0.0221921
0.0218673
0.0185152
0.0250625
0.0219735
0.00665871
0.0139826
0.00584572
0.0121822
0.0141137
0.0115704
0.0139054
0.00797308
0.0113676
0.0110685
0.0101038
0.0122436
0.0155937
0.0141759
0.0103708
0.0082309
0.00728087
0.00556686
0.00593666
0.00612932
0.00902802
0.0135146
0.0133345
0.011646
0.0113259
0.0295725
0.00830481
0.0136434
0.0102123
0.00897998
0.0110608
0.011807
0
0.00128506
0.00866732
0.00740679
0.00882213
0.00837308
0.00496483
0.00923204
0.00710842
0.00532944
0.0165774
0.0200588
0.0253693
0.0234143
0.021743
0.016213
0.00619336
0.0259888
0.00791775
0.00956855
0.0101822
0.00589484
0.00551015
0.00867383
0.0090413
0.0254842
0.0255678
0.00717422
0.00630275
0.0133814
0.00877648
0.00822365
0.00815313
0.0154106
0.0070623
0.0123362
0.0102842
0.0137074
0.00880897
0.00826607
0.00838397
0.00839921
0.0104827
0.00873931
0.0072159
0.00988479
0.0103764
0.0101749
0.0133939
0.0118001
0.00703025
0.0121367
0.00796171
0.00958415
0.0109204
0.0107333
0.0117767
0.0079401
0.0110174
0.0083715
0.00777745
0.0107257
0.0147461
0.0130776
0.0100345
0.00720476
0.00587004
0.00476707
0.00575066
0.00588469
0.00865796
0.011998
0.0120277
0.010091
0.00952892
0.028786
0.00877914
0.0142738
0.0112901
0.00668576
0.0137716
0.0124376
0.00128506
0
0.00762278
0.00676903
0.00903708
0.00854815
0.00514067
0.0101606
0.00685023
0.00591991
0.0140653
0.0182545
0.023831
0.0224745
0.0200836
0.0148192
0.00669828
0.0270037
0.007355
0.00974966
0.0104659
0.00491169
0.00497345
0.00798284
0.00841993
0.0248999
0.0248984
0.00799249
0.00488048
0.0152879
0.0107497
0.00865735
0.00860312
0.0163249
0.00649716
0.0118532
0.0108371
0.0132627
0.00847428
0.00780662
0.00853083
0.00796944
0.00941664
0.00958565
0.00655744
0.00954012
0.00990292
0.0099881
0.0130726
0.011923
0.00848017
0.0133811
0.00889523
0.0148726
0.0158226
0.0137684
0.0147265
0.0126679
0.0125604
0.0124497
0.0118803
0.0123518
0.01799
0.0116453
0.0128428
0.0105932
0.00737149
0.00807967
0.00794533
0.00848011
0.0108563
0.0159197
0.016889
0.0120662
0.0118258
0.0326244
0.0113234
0.0139522
0.0107679
0.0128675
0.0160141
0.0173936
0.00866732
0.00762278
0
0.0111251
0.0116197
0.0114793
0.00938411
0.0114653
0.0123124
0.00939067
0.0196979
0.0210021
0.025953
0.0240254
0.0216078
0.0177928
0.00878374
0.0293965
0.0162322
0.0107885
0.0172604
0.00844106
0.00976402
0.00886855
0.0118701
0.0278273
0.0267509
0.0112022
0.00895258
0.0168157
0.0131624
0.0114921
0.0121222
0.0192134
0.0102952
0.0203454
0.0143041
0.015166
0.0102145
0.0128905
0.0123212
0.00753001
0.0109125
0.00863014
0.0109288
0.0177131
0.0176534
0.0144881
0.0203179
0.016574
0.00365715
0.0187644
0.00874993
0.0165934
0.0193937
0.0154591
0.0209331
0.00616951
0.0138519
0.0151866
0.0152889
0.0149023
0.0206145
0.0194534
0.0137358
0.0119121
0.011464
0.00991487
0.00927791
0.00939811
0.00492608
0.0194586
0.0189051
0.0162399
0.0168447
0.0302975
0.0055109
0.0134511
0.00666071
0.0138094
0.0153037
0.00870201
0.00740679
0.00676903
0.0111251
0
0.00191352
0.00825689
0.0060247
0.00635221
0.00413136
0.00430431
0.0187496
0.0223507
0.0270638
0.0249904
0.0221521
0.0178052
0.00517806
0.0230476
0.0185567
0.00826935
0.015326
0.0105668
0.00710913
0.0150358
0.00219548
0.0276602
0.0280798
0.0047779
0.0105161
0.0153325
0.00953662
0.0070452
0.000675875
0.0178837
0.00982955
0.0194022
0.0105124
0.00990672
0.0108685
0.00776167
0.00124228
0.0113787
0.0174611
0.0108181
0.00524569
0.0179478
0.0184794
0.0130411
0.020294
0.0152768
0.00582036
0.0146301
0.0110456
0.0125047
0.0141003
0.016419
0.0147353
0.00724844
0.0140233
0.0108547
0.0108527
0.0141523
0.0158405
0.0158819
0.0136288
0.012955
0.0124101
0.0116356
0.0116085
0.0117218
0.00483746
0.0166139
0.0165653
0.0135087
0.0125226
0.0270488
0.00772013
0.013977
0.0118155
0.00907119
0.0179669
0.00960881
0.00882213
0.00903708
0.0116197
0.00191352
0
0.0076114
0.00685053
0.00687436
0.00448984
0.00686998
0.017747
0.0216575
0.0240731
0.0237957
0.0193402
0.0157965
0.00776914
0.0249286
0.0152758
0.010014
0.0180252
0.0087548
0.00788648
0.0133644
0.0038484
0.0279892
0.0266434
0.00773436
0.00793176
0.0165124
0.0136414
0.010002
0.00324463
0.0205275
0.00964313
0.0198865
0.0112313
0.0098783
0.0112686
0.0102451
0.00423885
0.0110693
0.0155234
0.0122757
0.00597554
0.0170243
0.0169387
0.0126945
0.0194508
0.0161722
0.00558098
0.0168198
0.010502
0.0167003
0.0167394
0.017335
0.0166126
0.0067128
0.0147174
0.0138493
0.0138895
0.0150027
0.0168098
0.0188983
0.0145139
0.0124676
0.0124194
0.0114913
0.0109242
0.0110311
0.00655295
0.018756
0.0189258
0.0165741
0.0154513
0.0332118
0.00558904
0.014639
0.0079591
0.00952518
0.0177195
0.0161468
0.00837308
0.00854815
0.0114793
0.00825689
0.0076114
0
0.00834299
0.00526529
0.00771594
0.00891717
0.020108
0.0226176
0.0272047
0.0251943
0.0226572
0.0176497
0.00834041
0.02679
0.0175593
0.00615099
0.0196811
0.00884007
0.00780163
0.0146083
0.00891571
0.0283775
0.027223
0.00773822
0.00918032
0.0172384
0.0160416
0.0110062
0.00857955
0.019697
0.0100347
0.0209172
0.00887492
0.0102175
0.0108233
0.0118761
0.00912814
0.0111684
0.0168974
0.011916
0.00797194
0.0185379
0.0180956
0.0141217
0.020332
0.0164022
0.00622126
0.0142206
0.0087624
0.0117213
0.0143876
0.0128089
0.015128
0.00882995
0.0117303
0.0096237
0.0090708
0.0111314
0.0172426
0.0157028
0.0103005
0.00860205
0.00895522
0.00745682
0.00809332
0.00870439
0.00771153
0.0128416
0.0134276
0.012949
0.0123737
0.0278484
0.00928971
0.014684
0.0110677
0.009921
0.01223
0.0121677
0.00496483
0.00514067
0.00938411
0.0060247
0.00685053
0.00834299
0
0.00888928
0.00560601
0.0031933
0.0137151
0.0198718
0.0233558
0.0222862
0.0195624
0.0155813
0.00379395
0.0254338
0.00962576
0.0109006
0.012917
0.00531009
0.00698594
0.0117954
0.0078047
0.025504
0.0251161
0.00704252
0.00766019
0.0170292
0.0113186
0.00701567
0.00738737
0.0183465
0.00819963
0.014741
0.0117035
0.0128865
0.0100647
0.00897318
0.00748242
0.00954486
0.0136998
0.00910731
0.00612787
0.0123336
0.0127535
0.012048
0.0161799
0.0142992
0.00476453
0.0178446
0.0113969
0.0150502
0.0165399
0.0158113
0.0163424
0.00467245
0.0139545
0.0131395
0.0123477
0.0125834
0.0164727
0.0138919
0.0128088
0.0127778
0.0119611
0.0112153
0.0120997
0.0120545
0.0057444
0.0159169
0.0170628
0.0136361
0.0150339
0.0295334
0.00487268
0.0141483
0.00897533
0.00893478
0.0166464
0.0102236
0.00923204
0.0101606
0.0114653
0.00635221
0.00687436
0.00526529
0.00888928
0
0.0050371
0.00709187
0.0140183
0.0198065
0.0261807
0.0232284
0.0190807
0.018264
0.00613384
0.0258508
0.0119987
0.0059057
0.0175813
0.00880895
0.00692995
0.0133705
0.00637371
0.0290645
0.0250119
0.00638904
0.00993873
0.0168515
0.0149164
0.0105858
0.00642718
0.0208511
0.00768578
0.0188114
0.00879754
0.00932999
0.00660577
0.0108199
0.0070279
0.010283
0.0115356
0.0125936
0.00413709
0.0156875
0.0158847
0.0126839
0.0194053
0.015631
0.00393116
0.0173663
0.00766301
0.0184355
0.0198314
0.0148939
0.0194614
0.00761924
0.0141475
0.0154691
0.0155349
0.0145423
0.0201661
0.0194072
0.0134295
0.0108813
0.010748
0.0097974
0.00849941
0.00897932
0.00466753
0.0198585
0.0195083
0.0173785
0.0153669
0.0337144
0.00640978
0.0135482
0.00830488
0.0153517
0.0150762
0.0102705
0.00710842
0.00685023
0.0123124
0.00413136
0.00448984
0.00771594
0.00560601
0.0050371
0
0.00603925
0.015902
0.0209762
0.0263641
0.0240815
0.0216107
0.0191753
0.0070838
0.0226793
0.0170945
0.0087643
0.0168301
0.0083452
0.00771809
0.0137543
0.00470781
0.0275878
0.027245
0.00633137
0.0103192
0.0177712
0.0135488
0.00843573
0.00411013
0.018365
0.00958968
0.0200121
0.0114225
0.0108481
0.010433
0.00909375
0.00330128
0.0123326
0.015894
0.0120698
0.00566993
0.0178155
0.0180307
0.0125745
0.0202066
0.0150292
0.00649275
0.012961
0.0104651
0.0128298
0.014994
0.0127917
0.0139344
0.00803618
0.0122774
0.0102019
0.00962561
0.0112414
0.0157478
0.0145851
0.0102412
0.00918317
0.00896162
0.00723256
0.0084098
0.00823912
0.00737789
0.0127453
0.0130158
0.0123765
0.0118882
0.028206
0.00853315
0.0137325
0.0113411
0.00889048
0.0142493
0.0117513
0.00532944
0.00591991
0.00939067
0.00430431
0.00686998
0.00891717
0.0031933
0.00709187
0.00603925
0
0.0165872
0.0203601
0.0256628
0.0237962
0.0207113
0.0172667
0.00310602
0.023776
0.0119651
0.0095004
0.0153893
0.00675723
0.00646634
0.0118116
0.00736111
0.0269721
0.0260468
0.00710302
0.00889191
0.0172573
0.0111593
0.0069146
0.00630422
0.0171939
0.00823325
0.0178582
0.0118211
0.0119398
0.0100222
0.00846832
0.0066044
0.0100794
0.0137606
0.00891721
0.00520904
0.0149958
0.0153274
0.0117174
0.0182501
0.0146844
0.0146727
0.0277546
0.0171302
0.0195549
0.0251573
0.0152597
0.0299783
0.0171188
0.0165141
0.0272114
0.0284448
0.0178615
0.0346437
0.0274716
0.0186748
0.014891
0.0166214
0.0196921
0.0178888
0.0203846
0.0153891
0.0307869
0.0283323
0.0239702
0.0266121
0.0735778
0.0171898
0.0209633
0.0170679
0.0246727
0.0220323
0.0271009
0.0165774
0.0140653
0.0196979
0.0187496
0.017747
0.020108
0.0137151
0.0140183
0.015902
0.0165872
0
0.0247944
0.0272216
0.0183871
0.0171674
0.0316334
0.0280231
0.0607831
0.0436109
0.0269415
0.0263706
0.0268959
0.0284113
0.0358953
0.0291983
0.0206326
0.0203713
0.0268751
0.0341197
0.0291599
0.0221461
0.0229653
0.0284068
0.0355603
0.0330597
0.0372
0.0295824
0.0276071
0.0317321
0.0301418
0.0283387
0.0317307
0.0367673
0.0259335
0.0250343
0.0321372
0.0359312
0.0362143
0.0377744
0.0331929
0.0209731
0.028846
0.0189271
0.0271857
0.0255662
0.0239836
0.0285819
0.0181188
0.0230349
0.0309705
0.0330327
0.0237886
0.0324978
0.0258185
0.022858
0.0204871
0.0200628
0.0190788
0.0190084
0.0168282
0.020124
0.0271528
0.0248442
0.024502
0.0269711
0.0410377
0.0170481
0.0223078
0.0207327
0.030991
0.0213912
0.024573
0.0200588
0.0182545
0.0210021
0.0223507
0.0216575
0.0226176
0.0198718
0.0198065
0.0209762
0.0203601
0.0247944
0
0.0120627
0.00969692
0.00726075
0.0222009
0.0133361
0.0314016
0.0350798
0.0162631
0.0233484
0.0323881
0.0185164
0.0309594
0.0144426
0.013521
0.0111054
0.01465
0.026079
0.0193175
0.0147426
0.0168821
0.0165859
0.0251176
0.0225842
0.0288845
0.0200221
0.021196
0.0218466
0.0186345
0.0143179
0.0202719
0.0279439
0.0186215
0.0166666
0.0277052
0.0291441
0.0235644
0.0294511
0.0199931
0.0255731
0.0337453
0.0247692
0.0304202
0.0287193
0.0264231
0.0344475
0.0244259
0.0271374
0.0306896
0.0309613
0.0276031
0.036144
0.0314965
0.0271406
0.0263284
0.0255197
0.0247429
0.0248814
0.0232965
0.0240513
0.0312267
0.0290457
0.029364
0.0312029
0.045868
0.0234886
0.0268097
0.0247069
0.0340589
0.0270049
0.0311483
0.0253693
0.023831
0.025953
0.0270638
0.0240731
0.0272047
0.0233558
0.0261807
0.0263641
0.0256628
0.0272216
0.0120627
0
0.00902364
0.00965112
0.0264611
0.0184711
0.0351096
0.0376716
0.0209023
0.0262049
0.0310376
0.0224394
0.0303626
0.0205472
0.0132366
0.0115073
0.0203163
0.0296902
0.0219757
0.0176079
0.019797
0.0222668
0.0301431
0.0247929
0.0322672
0.0227068
0.0245225
0.024395
0.0228858
0.0197167
0.0259796
0.0302348
0.0220023
0.0218776
0.0307321
0.0318261
0.0297894
0.0323178
0.0266801
0.0230196
0.0305891
0.0224173
0.0277095
0.0263901
0.0249239
0.0318481
0.0227356
0.0260588
0.0289169
0.0304363
0.0271064
0.0354368
0.0288683
0.0271905
0.0236407
0.0240019
0.0227916
0.0225996
0.0205944
0.0226764
0.0274678
0.024985
0.027038
0.0289208
0.0434436
0.0213194
0.0240657
0.0228406
0.0316936
0.0239164
0.0275478
0.0234143
0.0224745
0.0240254
0.0249904
0.0237957
0.0251943
0.0222862
0.0232284
0.0240815
0.0237962
0.0183871
0.00969692
0.00902364
0
0.00624132
0.0227849
0.0165364
0.0321362
0.0338753
0.0182025
0.0223736
0.0307276
0.0195066
0.0280183
0.0165969
0.010793
0.00792258
0.0160457
0.0283772
0.0194496
0.0158866
0.0176952
0.0180096
0.025266
0.0245574
0.0284917
0.0217536
0.0219458
0.023642
0.0211441
0.0162963
0.0217503
0.0272721
0.0189017
0.0198471
0.0272913
0.0281003
0.0254189
0.0292652
0.0224503
0.0206053
0.0307039
0.0197952
0.0255614
0.0251571
0.0231334
0.0313162
0.0186615
0.023856
0.0263016
0.0280909
0.0257233
0.0321616
0.0268334
0.0247953
0.0222147
0.0229955
0.0228009
0.0218692
0.0190282
0.0186172
0.0269148
0.0248285
0.0252867
0.0272869
0.0428014
0.0173291
0.0224005
0.0205143
0.0292503
0.0235183
0.0258299
0.021743
0.0200836
0.0216078
0.0221521
0.0193402
0.0226572
0.0195624
0.0190807
0.0216107
0.0207113
0.0171674
0.00726075
0.00965112
0.00624132
0
0.0212635
0.0135941
0.0295312
0.0345166
0.0157493
0.0232289
0.0309191
0.0190099
0.0286548
0.0142331
0.0116677
0.010476
0.0141281
0.0273954
0.0194709
0.0148151
0.0160498
0.0175715
0.0250272
0.0232786
0.0293183
0.0188965
0.0208466
0.022655
0.018947
0.0138324
0.021072
0.0266127
0.0189231
0.0179897
0.0280239
0.0287022
0.0252202
0.0299613
0.0218464
0.0159145
0.0187853
0.0156875
0.00408851
0.00812123
0.0199394
0.0178324
0.0175868
0.0192685
0.0140631
0.0126881
0.0201896
0.0210897
0.0197842
0.019641
0.0178889
0.0173793
0.016281
0.0165092
0.0172205
0.0189957
0.0194408
0.0199251
0.0156324
0.0167058
0.0348444
0.0168115
0.0202247
0.0182755
0.0120982
0.0194413
0.0203098
0.016213
0.0148192
0.0177928
0.0178052
0.0157965
0.0176497
0.0155813
0.018264
0.0191753
0.0172667
0.0316334
0.0222009
0.0264611
0.0227849
0.0212635
0
0.0137163
0.0310754
0.0211629
0.0148328
0.0151845
0.0134972
0.0138688
0.0176721
0.0147913
0.0279663
0.0292367
0.0139092
0.0142903
0.0125791
0.00773231
0.012759
0.0157961
0.0183016
0.0165449
0.0191991
0.016973
0.0193341
0.0161822
0.0157446
0.0152264
0.0184358
0.022159
0.014703
0.0160321
0.0186206
0.0187659
0.0186774
0.019516
0.0167106
0.00697738
0.0152896
0.0106858
0.0125155
0.0153528
0.0127897
0.015458
0.00935551
0.0105774
0.0113951
0.0103495
0.00979272
0.018961
0.0128665
0.00925086
0.00852338
0.00720383
0.00667651
0.00691407
0.00810672
0.00602497
0.011927
0.013707
0.0128094
0.0131079
0.0305668
0.00928076
0.0151129
0.0100565
0.010859
0.0114444
0.0120106
0.00619336
0.00669828
0.00878374
0.00517806
0.00776914
0.00834041
0.00379395
0.00613384
0.0070838
0.00310602
0.0280231
0.0133361
0.0184711
0.0165364
0.0135941
0.0137163
0
0.0253119
0.0125243
0.011431
0.015271
0.00806375
0.00637267
0.0122227
0.00840973
0.0256377
0.0257359
0.00824801
0.0097797
0.0189509
0.0123788
0.00795468
0.00731096
0.0190811
0.00905274
0.0154935
0.0120614
0.013551
0.00918946
0.00873894
0.00659999
0.0105049
0.0127074
0.00912581
0.00726102
0.0126382
0.013646
0.013475
0.0169534
0.0157619
0.0242692
0.0311052
0.0278027
0.0314568
0.029535
0.0294455
0.0299888
0.0241366
0.0304785
0.0271603
0.027064
0.0284679
0.0289216
0.029094
0.0280475
0.028712
0.0282833
0.0272399
0.0275213
0.0280512
0.0236363
0.0301211
0.0309279
0.0319601
0.0262903
0.0363379
0.0265047
0.030162
0.0267185
0.0258736
0.0324281
0.0251807
0.0259888
0.0270037
0.0293965
0.0230476
0.0249286
0.02679
0.0254338
0.0258508
0.0226793
0.023776
0.0607831
0.0314016
0.0351096
0.0321362
0.0295312
0.0310754
0.0253119
0
0.0321812
0.024736
0.0335174
0.0241823
0.0234841
0.0300891
0.0253387
0.0444305
0.0397784
0.0232391
0.0273279
0.0373165
0.0299906
0.0237494
0.0238021
0.0338573
0.0244196
0.0378504
0.0299793
0.0296833
0.0247164
0.026512
0.0232867
0.0288782
0.0326429
0.026792
0.0226512
0.0368382
0.0363267
0.0332551
0.0358013
0.034466
0.0105572
0.0180474
0.00854808
0.022481
0.0206376
0.0174588
0.0163172
0.0169493
0.0143315
0.0227062
0.0216732
0.0137878
0.0203043
0.0223651
0.0148792
0.0104022
0.011652
0.0107534
0.00967617
0.0114785
0.0119166
0.0207409
0.0195167
0.0173161
0.0191655
0.0362977
0.0155605
0.0186641
0.0155441
0.0210451
0.00998137
0.0210785
0.00791775
0.007355
0.0162322
0.0185567
0.0152758
0.0175593
0.00962576
0.0119987
0.0170945
0.0119651
0.0436109
0.0350798
0.0376716
0.0338753
0.0345166
0.0211629
0.0125243
0.0321812
0
0.0173642
0.0062613
0.00390356
0.012289
0.0113484
0.0171889
0.029313
0.031478
0.0120956
0.0114558
0.0111264
0.0102542
0.0185604
0.0157294
0.0132686
0.0124281
0.00785603
0.0171385
0.0222417
0.0138508
0.01528
0.0155414
0.0159127
0.0151124
0.0138838
0.014022
0.0055621
0.00554851
0.0132004
0.0101723
0.0126518
0.0083511
0.0168107
0.010741
0.0158473
0.0158659
0.0148942
0.0143178
0.00303334
0.0135658
0.0127609
0.0121843
0.012268
0.0131704
0.0132457
0.0123585
0.0123486
0.0106139
0.0111997
0.0106885
0.0116359
0.0087722
0.0169544
0.0175596
0.0139149
0.0119774
0.0313963
0.00455636
0.0125974
0.00745749
0.00748944
0.0183954
0.0111037
0.00956855
0.00974966
0.0107885
0.00826935
0.010014
0.00615099
0.0109006
0.0059057
0.0087643
0.0095004
0.0269415
0.0162631
0.0209023
0.0182025
0.0157493
0.0148328
0.011431
0.024736
0.0173642
0
0.0199969
0.00888964
0.00755472
0.0128881
0.00860091
0.0274969
0.0247416
0.00936272
0.00838605
0.0163671
0.0159887
0.0104137
0.00843452
0.0194185
0.00814308
0.0205108
0.00899676
0.00903154
0.00821247
0.0116776
0.00946505
0.0118056
0.0121812
0.0111694
0.00576604
0.0177798
0.0176149
0.013483
0.0198264
0.0170196
0.015498
0.00947837
0.0136436
0.0150949
0.0155145
0.0126365
0.0111026
0.0197013
0.0167261
0.00948825
0.00858064
0.0183642
0.014025
0.0132518
0.0156206
0.0127176
0.0132312
0.0115708
0.0116814
0.0122771
0.0162624
0.0130003
0.013208
0.0110019
0.0079886
0.0323089
0.0193894
0.0209098
0.0209971
0.0115725
0.0112709
0.0213927
0.0101822
0.0104659
0.0172604
0.015326
0.0180252
0.0196811
0.012917
0.0175813
0.0168301
0.0153893
0.0263706
0.0233484
0.0262049
0.0223736
0.0232289
0.0151845
0.015271
0.0335174
0.0062613
0.0199969
0
0.000829989
0.0120259
0.00646865
0.0158957
0.0226363
0.0269249
0.0148472
0.00471089
0.0141933
0.0116785
0.0160099
0.0137233
0.0171796
0.0108869
0.00658644
0.0180729
0.0221266
0.0124796
0.0158116
0.0156921
0.0149827
0.0106696
0.0123975
0.014012
0.0030946
0.00393304
0.00996974
0.00762063
0.0130225
0.00626125
0.015541
0.00520481
0.0128814
0.012725
0.011141
0.0157467
0.0105744
0.0107506
0.0168502
0.0173993
0.01064
0.0146383
0.0162872
0.0104618
0.00624153
0.00895277
0.00728245
0.00618815
0.0064782
0.00785037
0.0164319
0.0154057
0.012983
0.0131356
0.0267266
0.00880913
0.00989884
0.00934392
0.0172392
0.00819145
0.0148331
0.00589484
0.00491169
0.00844106
0.0105668
0.0087548
0.00884007
0.00531009
0.00880895
0.0083452
0.00675723
0.0268959
0.0323881
0.0310376
0.0307276
0.0309191
0.0134972
0.00806375
0.0241823
0.00390356
0.00888964
0.000829989
0
0.0108485
0.0194594
0.0145717
0.030559
0.0349722
0.0129423
0.0146041
0.00844649
0.00523473
0.0113706
0.0148461
0.0124805
0.0131017
0.0126207
0.0183185
0.0168954
0.0132993
0.0140783
0.0153601
0.0148113
0.0198242
0.00988207
0.0138561
0.00946951
0.0104586
0.0143666
0.0124416
0.0113831
0.00672059
0.0139291
0.00716582
0.0132979
0.0150989
0.0136722
0.0140719
0.00837297
0.0100973
0.0113297
0.0117673
0.0093946
0.0156644
0.0156399
0.00936926
0.00746997
0.00871547
0.00745877
0.00725593
0.00693164
0.0085436
0.0156669
0.0155897
0.0112392
0.0113559
0.0271305
0.00824933
0.01153
0.0086257
0.00904661
0.0135754
0.0113083
0.00551015
0.00497345
0.00976402
0.00710913
0.00788648
0.00780163
0.00698594
0.00692995
0.00771809
0.00646634
0.0284113
0.0185164
0.0224394
0.0195066
0.0190099
0.0138688
0.00637267
0.0234841
0.012289
0.00755472
0.0120259
0.0108485
0
0.0101526
0.00876672
0.0265057
0.0270857
0.00709268
0.00793159
0.014438
0.0110636
0.00839681
0.0073208
0.0181148
0.00332572
0.0136539
0.0105229
0.0109558
0.00498504
0.00957961
0.00780225
0.00821476
0.0117117
0.00538501
0.00631312
0.0114437
0.0118746
0.011456
0.0156733
0.0132484
0.0111199
0.00628217
0.00808572
0.0185941
0.0172803
0.00475387
0.00663526
0.0133842
0.0113284
0.0186483
0.0184816
0.0129606
0.0173513
0.0114826
0.0115811
0.00876989
0.00811294
0.00826363
0.00724908
0.00819295
0.0124663
0.00846723
0.00644122
0.00683711
0.0117547
0.0333765
0.0124506
0.0113375
0.0130373
0.0180959
0.000301863
0.019237
0.00867383
0.00798284
0.00886855
0.0150358
0.0133644
0.0146083
0.0117954
0.0133705
0.0137543
0.0118116
0.0358953
0.0309594
0.0303626
0.0280183
0.0286548
0.0176721
0.0122227
0.0300891
0.0113484
0.0128881
0.00646865
0.0194594
0.0101526
0
0.0190709
0.0309008
0.0319234
0.0156597
0.0114707
0.00978601
0.00866282
0.0177435
0.0197354
0.00629998
0.0175126
0.013361
0.0172592
0.0182402
0.0161904
0.0180691
0.0190839
0.0178802
0.0158926
0.0133131
0.0202715
0.0148385
0.0141736
0.0145857
0.015831
0.010878
0.00503649
0.0174318
0.00908163
0.0144841
0.0168135
0.0148701
0.0181906
0.00797867
0.0136869
0.0123701
0.0111453
0.0135419
0.0202977
0.0138141
0.0135421
0.0117949
0.0102154
0.0107475
0.0102431
0.0108091
0.00635465
0.0164729
0.0177496
0.0141409
0.0134001
0.0302437
0.00736259
0.014271
0.00896751
0.0125338
0.0173883
0.0104787
0.0090413
0.00841993
0.0118701
0.00219548
0.0038484
0.00891571
0.0078047
0.00637371
0.00470781
0.00736111
0.0291983
0.0144426
0.0205472
0.0165969
0.0142331
0.0147913
0.00840973
0.0253387
0.0171889
0.00860091
0.0158957
0.0145717
0.00876672
0.0190709
0
0.0267003
0.0247097
0.00702537
0.0087748
0.0171655
0.0121065
0.00835569
0.00234772
0.0194872
0.00950238
0.0192434
0.0110458
0.0113221
0.00929563
0.00800095
0.00307772
0.0116684
0.0139079
0.012253
0.00518911
0.0167365
0.017098
0.0108392
0.0200298
0.0134703
0.0276636
0.0305675
0.02654
0.029833
0.0274965
0.0259156
0.0320918
0.0277294
0.028524
0.0274308
0.0276144
0.0292352
0.0385915
0.030055
0.029101
0.025806
0.0254256
0.0255709
0.0250315
0.0240957
0.0273373
0.0283886
0.0256611
0.0271984
0.0291353
0.0465391
0.0259569
0.0299103
0.0282532
0.0322718
0.0284898
0.0325176
0.0254842
0.0248999
0.0278273
0.0276602
0.0279892
0.0283775
0.025504
0.0290645
0.0275878
0.0269721
0.0206326
0.013521
0.0132366
0.010793
0.0116677
0.0279663
0.0256377
0.0444305
0.029313
0.0274969
0.0226363
0.030559
0.0265057
0.0309008
0.0267003
0
0.010971
0.021173
0.0273677
0.0232759
0.018957
0.0220248
0.0236569
0.0283261
0.0252866
0.0282546
0.0235266
0.026422
0.0244774
0.025147
0.0215457
0.0265955
0.0283847
0.0222662
0.0227887
0.0290908
0.0291412
0.0274074
0.0304596
0.0249269
0.0270731
0.0329328
0.024197
0.0310446
0.0274689
0.0284104
0.0332972
0.0251459
0.028352
0.030301
0.0316555
0.0303698
0.0341539
0.0305375
0.0287806
0.0268555
0.0267061
0.0253715
0.0255578
0.023521
0.0255928
0.0304176
0.0280621
0.0293367
0.0315263
0.046768
0.023511
0.0286375
0.0274236
0.0334109
0.027345
0.0295342
0.0255678
0.0248984
0.0267509
0.0280798
0.0266434
0.027223
0.0251161
0.0250119
0.027245
0.0260468
0.0203713
0.0111054
0.0115073
0.00792258
0.010476
0.0292367
0.0257359
0.0397784
0.031478
0.0247416
0.0269249
0.0349722
0.0270857
0.0319234
0.0247097
0.010971
0
0.0154402
0.0302706
0.0185089
0.0152995
0.0180475
0.0188937
0.0259355
0.0249054
0.0299689
0.0200561
0.0209394
0.0242696
0.0210296
0.0162951
0.0217937
0.0280275
0.0184871
0.0182535
0.0286988
0.0299792
0.0264666
0.0303747
0.0239681
0.0045959
0.0141244
0.0101167
0.0139046
0.014081
0.013084
0.0166521
0.00899383
0.0128712
0.0102659
0.00938223
0.0130125
0.0165256
0.0122994
0.0124234
0.010274
0.00996699
0.00965312
0.00972068
0.00976321
0.00447254
0.0128697
0.0133605
0.012934
0.00998498
0.0301802
0.00877898
0.015231
0.0117025
0.0082654
0.0155601
0.0128594
0.00717422
0.00799249
0.0112022
0.0047779
0.00773436
0.00773822
0.00704252
0.00638904
0.00633137
0.00710302
0.0268751
0.01465
0.0203163
0.0160457
0.0141281
0.0139092
0.00824801
0.0232391
0.0120956
0.00936272
0.0148472
0.0129423
0.00709268
0.0156597
0.00702537
0.021173
0.0154402
0
0.00663316
0.021217
0.0146528
0.0106091
0.0078921
0.0221338
0.00981997
0.0177284
0.00952076
0.0121755
0.00839804
0.0113496
0.00738147
0.0108282
0.01357
0.0120512
0.00676287
0.0150191
0.0153715
0.0126501
0.0185668
0.0156274
0.00706173
0.0110226
0.00442606
0.0133603
0.014989
0.00842286
0.0109456
0.00796518
0.0135337
0.0146337
0.0138891
0.0146713
0.0138572
0.0152247
0.013791
0.00980262
0.0103109
0.00894961
0.00800382
0.00873098
0.00936888
0.0133411
0.0115614
0.00958542
0.010591
0.0325471
0.00743661
0.0128637
0.00872701
0.013675
0.0065579
0.0131985
0.00630275
0.00488048
0.00895258
0.0105161
0.00793176
0.00918032
0.00766019
0.00993873
0.0103192
0.00889191
0.0341197
0.026079
0.0296902
0.0283772
0.0273954
0.0142903
0.0097797
0.0273279
0.0114558
0.00838605
0.00471089
0.0146041
0.00793159
0.0114707
0.0087748
0.0273677
0.0302706
0.00663316
0
0.00563924
0.00409733
0.0103083
0.0110122
0.00977723
0.0129521
0.0134799
0.0133581
0.0125501
0.0132966
0.0127821
0.0106682
0.013905
0.0168439
0.0115648
0.0130512
0.0138269
0.014601
0.0100876
0.014319
0.00726522
0.0167137
0.00988642
0.0158034
0.011634
0.0125712
0.016114
0.00943257
0.0171269
0.0176051
0.0116329
0.009962
0.0175601
0.0140057
0.0114255
0.0167985
0.0162947
0.0133077
0.0122955
0.0127513
0.0149458
0.0191443
0.0143333
0.0136721
0.00773092
0.009458
0.034151
0.0172937
0.019037
0.0212462
0.0108686
0.013234
0.0208647
0.0133814
0.0152879
0.0168157
0.0153325
0.0165124
0.0172384
0.0170292
0.0168515
0.0177712
0.0172573
0.0291599
0.0193175
0.0219757
0.0194496
0.0194709
0.0125791
0.0189509
0.0373165
0.0111264
0.0163671
0.0141933
0.00844649
0.014438
0.00978601
0.0171655
0.0232759
0.0185089
0.021217
0.00563924
0
0.0130314
0.0183005
0.0149509
0.0181882
0.0133662
0.011864
0.0204845
0.0228669
0.0153131
0.0175548
0.0175259
0.0160453
0.00881966
0.0177739
0.0138878
0.0099768
0.00887341
0.0116029
0.0109801
0.0153945
0.0125307
0.00539691
0.0139882
0.00709812
0.00786851
0.0110425
0.00701042
0.0162702
0.0128667
0.00340954
0.00254496
0.012766
0.011087
0.00603686
0.0118876
0.0114395
0.00908363
0.00737035
0.00912923
0.00979239
0.0138523
0.00748315
0.00792079
0.00457805
0.00642019
0.0304271
0.0167987
0.0174217
0.0188639
0.00690061
0.00858384
0.0176542
0.00877648
0.0107497
0.0131624
0.00953662
0.0136414
0.0160416
0.0113186
0.0149164
0.0135488
0.0111593
0.0221461
0.0147426
0.0176079
0.0158866
0.0148151
0.00773231
0.0123788
0.0299906
0.0102542
0.0159887
0.0116785
0.00523473
0.0110636
0.00866282
0.0121065
0.018957
0.0152995
0.0146528
0.00409733
0.0130314
0
0.0182799
0.0142106
0.0154128
0.0149495
0.0120974
0.0217717
0.0242069
0.0161716
0.017548
0.0169639
0.015812
0.0105697
0.0155926
0.0132154
0.00960708
0.00952318
0.0138774
0.0127375
0.0170901
0.00910387
0.0137819
0.0127074
0.0131221
0.0139901
0.0142329
0.0145757
0.0109235
0.0143044
0.0101795
0.00948626
0.0133144
0.0160063
0.0153785
0.0131484
0.0112758
0.0115376
0.00925441
0.0107221
0.0109477
0.0101039
0.0153658
0.0153007
0.0127397
0.0115924
0.0291116
0.0113696
0.0172894
0.0132168
0.0111499
0.0161055
0.013773
0.00822365
0.00865735
0.0114921
0.0070452
0.010002
0.0110062
0.00701567
0.0105858
0.00843573
0.0069146
0.0229653
0.0168821
0.019797
0.0176952
0.0160498
0.012759
0.00795468
0.0237494
0.0185604
0.0104137
0.0160099
0.0113706
0.00839681
0.0177435
0.00835569
0.0220248
0.0180475
0.0106091
0.0103083
0.0183005
0.0182799
0
0.0082739
0.0187342
0.00933023
0.0175035
0.0119077
0.0129327
0.0115188
0.0055198
0.00835127
0.0116774
0.0118025
0.0123018
0.00830052
0.0146236
0.0149215
0.0113108
0.0175831
0.0136806
0.00523255
0.015921
0.0105115
0.015432
0.0180538
0.0159232
0.0188679
0.00784641
0.0151517
0.0130342
0.0131628
0.0152397
0.0196277
0.0168984
0.0141657
0.0130124
0.0127845
0.0112529
0.0109332
0.0109918
0.00605319
0.0175997
0.0173781
0.0146533
0.0140549
0.0292564
0.00741319
0.0155109
0.00893047
0.0123946
0.0159615
0.00965544
0.00815313
0.00860312
0.0121222
0.000675875
0.00324463
0.00857955
0.00738737
0.00642718
0.00411013
0.00630422
0.0284068
0.0165859
0.0222668
0.0180096
0.0175715
0.0157961
0.00731096
0.0238021
0.0157294
0.00843452
0.0137233
0.0148461
0.0073208
0.0197354
0.00234772
0.0236569
0.0188937
0.0078921
0.0110122
0.0149509
0.0142106
0.0082739
0
0.0181478
0.00975143
0.0182418
0.0110518
0.0107507
0.0112243
0.00807985
0.00168034
0.0107104
0.0146583
0.0120007
0.00540868
0.0158923
0.0160811
0.0102789
0.0189928
0.012353
0.019459
0.0043876
0.018472
0.0187284
0.0179404
0.0143712
0.00553177
0.0203158
0.0207963
0.0126763
0.012943
0.0222969
0.0163433
0.0114349
0.0200209
0.0191697
0.017802
0.0155795
0.0167934
0.0165488
0.022073
0.0128029
0.0140828
0.0114196
0.0105912
0.0395862
0.0205725
0.0209616
0.0202152
0.015688
0.00572075
0.022788
0.0154106
0.0163249
0.0192134
0.0178837
0.0205275
0.019697
0.0183465
0.0208511
0.018365
0.0171939
0.0355603
0.0251176
0.0301431
0.025266
0.0250272
0.0183016
0.0190811
0.0338573
0.0132686
0.0194185
0.0171796
0.0124805
0.0181148
0.00629998
0.0194872
0.0283261
0.0259355
0.0221338
0.00977723
0.0181882
0.0154128
0.0187342
0.0181478
0
0.0171532
0.0170539
0.0199908
0.0232196
0.0186756
0.0157904
0.0180841
0.0179735
0.0101185
0.0166038
0.0170384
0.0146171
0.0136117
0.0101452
0.016268
0.0119024
0.00880025
0.0159366
0.00700189
0.0163176
0.016139
0.0130641
0.0160612
0.00927475
0.0113306
0.0121686
0.0126046
0.00967613
0.0177729
0.0185564
0.0099423
0.00965639
0.00910999
0.00830066
0.00737021
0.00763803
0.00937507
0.0176777
0.0185139
0.0143306
0.0126655
0.025314
0.00832364
0.0111212
0.00926723
0.0126583
0.0136099
0.0135157
0.0070623
0.00649716
0.0102952
0.00982955
0.00964313
0.0100347
0.00819963
0.00768578
0.00958968
0.00823325
0.0330597
0.0225842
0.0247929
0.0245574
0.0232786
0.0165449
0.00905274
0.0244196
0.0124281
0.00814308
0.0108869
0.0131017
0.00332572
0.0175126
0.00950238
0.0252866
0.0249054
0.00981997
0.0129521
0.0133662
0.0149495
0.00933023
0.00975143
0.0171532
0
0.0154736
0.011734
0.0130844
0.00167067
0.010267
0.00885858
0.00940329
0.0141417
0.00671936
0.00839567
0.0119046
0.0131171
0.0130906
0.0171168
0.0147515
0.0166804
0.0150101
0.0141803
0.0193149
0.0190261
0.0189205
0.0156909
0.021587
0.0182391
0.0186212
0.0171761
0.0192406
0.021343
0.0193513
0.0185854
0.0145072
0.0155789
0.0145577
0.0137625
0.0152914
0.0180495
0.019731
0.0194222
0.0147842
0.0131713
0.0369662
0.0204991
0.0224566
0.0213939
0.0175863
0.0138303
0.0246082
0.0123362
0.0118532
0.0203454
0.0194022
0.0198865
0.0209172
0.014741
0.0188114
0.0200121
0.0178582
0.0372
0.0288845
0.0322672
0.0284917
0.0293183
0.0191991
0.0154935
0.0378504
0.00785603
0.0205108
0.00658644
0.0126207
0.0136539
0.013361
0.0192434
0.0282546
0.0299689
0.0177284
0.0134799
0.011864
0.0120974
0.0175035
0.0182418
0.0170539
0.0154736
0
0.0186086
0.0246766
0.0146372
0.0170433
0.0166256
0.0167593
0.0124625
0.0143926
0.0165167
0.00201952
0.00137369
0.0137178
0.00507578
0.0147281
0.00950334
0.0199116
0.0124625
0.0167335
0.0171817
0.0157111
0.0177045
0.0097613
0.0145526
0.0158863
0.0154102
0.0154799
0.0193849
0.0168371
0.0153211
0.0137169
0.0109926
0.0107434
0.01104
0.0110931
0.0101946
0.0175099
0.0177953
0.0160345
0.0164232
0.0366146
0.00865479
0.015024
0.0106884
0.011517
0.018479
0.0168525
0.0102842
0.0108371
0.0143041
0.0105124
0.0112313
0.00887492
0.0117035
0.00879754
0.0114225
0.0118211
0.0295824
0.0200221
0.0227068
0.0217536
0.0188965
0.016973
0.0120614
0.0299793
0.0171385
0.00899676
0.0180729
0.0183185
0.0105229
0.0172592
0.0110458
0.0235266
0.0200561
0.00952076
0.0133581
0.0204845
0.0217717
0.0119077
0.0110518
0.0199908
0.011734
0.0186086
0
0.012287
0.011211
0.0133192
0.0117449
0.0134979
0.0155424
0.0143816
0.0108239
0.0186447
0.0188067
0.0147153
0.0206551
0.0180865
0.00939164
0.0179869
0.0149046
0.0194921
0.019648
0.0181009
0.0182177
0.0094672
0.0183844
0.015023
0.0151062
0.0177551
0.0189248
0.0217152
0.017753
0.0158379
0.0164961
0.0156025
0.0153462
0.01564
0.00956785
0.01968
0.0197913
0.0182061
0.0145027
0.0353471
0.0108365
0.0178495
0.0111765
0.0121869
0.0223331
0.0141219
0.0137074
0.0132627
0.015166
0.00990672
0.0098783
0.0102175
0.0128865
0.00932999
0.0108481
0.0119398
0.0276071
0.021196
0.0245225
0.0219458
0.0208466
0.0193341
0.013551
0.0296833
0.0222417
0.00903154
0.0221266
0.0168954
0.0109558
0.0182402
0.0113221
0.026422
0.0209394
0.0121755
0.0125501
0.0228669
0.0242069
0.0129327
0.0107507
0.0232196
0.0130844
0.0246766
0.012287
0
0.0143233
0.0140558
0.0112299
0.0145513
0.0192209
0.0141599
0.00901337
0.0213428
0.0215103
0.0175689
0.023752
0.0204656
0.0100158
0.0169325
0.00869338
0.0166332
0.0162741
0.0134621
0.0163693
0.00969745
0.0111082
0.0111052
0.0121228
0.0103438
0.0183084
0.0181997
0.0103991
0.0102193
0.00913101
0.00879451
0.00891483
0.00708997
0.00896642
0.0176878
0.0187332
0.014913
0.0124748
0.025754
0.00808117
0.0114195
0.00957924
0.0129233
0.0152014
0.0137963
0.00880897
0.00847428
0.0102145
0.0108685
0.0112686
0.0108233
0.0100647
0.00660577
0.010433
0.0100222
0.0317321
0.0218466
0.024395
0.023642
0.022655
0.0161822
0.00918946
0.0247164
0.0138508
0.00821247
0.0124796
0.0132993
0.00498504
0.0161904
0.00929563
0.0244774
0.0242696
0.00839804
0.0132966
0.0153131
0.0161716
0.0115188
0.0112243
0.0186756
0.00167067
0.0146372
0.011211
0.0143233
0
0.0119782
0.00911418
0.00886103
0.0142979
0.00713377
0.00892321
0.0124238
0.0128591
0.0133485
0.016757
0.015142
0.0100969
0.014974
0.0104915
0.0156165
0.0164435
0.0161906
0.0168249
0.0125578
0.0161393
0.0138194
0.0123456
0.0147466
0.0199459
0.0177459
0.0144527
0.0138898
0.0130408
0.0117598
0.0112288
0.0118878
0.00995842
0.0177831
0.0178575
0.0153514
0.0147767
0.0320843
0.01155
0.0179818
0.0125378
0.0139671
0.0143789
0.0146066
0.00826607
0.00780662
0.0128905
0.00776167
0.0102451
0.0118761
0.00897318
0.0108199
0.00909375
0.00846832
0.0301418
0.0186345
0.0228858
0.0211441
0.018947
0.0157446
0.00873894
0.026512
0.01528
0.0116776
0.0158116
0.0140783
0.00957961
0.0180691
0.00800095
0.025147
0.0210296
0.0113496
0.0127821
0.0175548
0.017548
0.0055198
0.00807985
0.0157904
0.010267
0.0170433
0.0133192
0.0140558
0.0119782
0
0.00831861
0.0137265
0.0147257
0.011499
0.00958875
0.0167108
0.0171801
0.0125746
0.0196184
0.0145807
0.00589673
0.0159722
0.0108677
0.0149217
0.0161626
0.0147367
0.018357
0.00867084
0.013997
0.0120857
0.0115411
0.0139607
0.0204409
0.0132784
0.0127261
0.0122243
0.011026
0.0105876
0.01083
0.0107062
0.00540347
0.0163885
0.0166378
0.0141946
0.0124434
0.0296519
0.00820868
0.0162235
0.00996831
0.0133077
0.0163784
0.010578
0.00838397
0.00853083
0.0123212
0.00124228
0.00423885
0.00912814
0.00748242
0.0070279
0.00330128
0.0066044
0.0283387
0.0143179
0.0197167
0.0162963
0.0138324
0.0152264
0.00659999
0.0232867
0.0155414
0.00946505
0.0156921
0.0153601
0.00780225
0.0190839
0.00307772
0.0215457
0.0162951
0.00738147
0.0106682
0.0175259
0.0169639
0.00835127
0.00168034
0.0180841
0.00885858
0.0166256
0.0117449
0.0112299
0.00911418
0.00831861
0
0.00967066
0.0115978
0.0123362
0.0054295
0.0150366
0.015827
0.00965531
0.0190508
0.0126675
0.00881754
0.0163811
0.00836448
0.0171687
0.018109
0.013292
0.0170864
0.0122071
0.0106115
0.0160385
0.0152371
0.0120969
0.019368
0.0146684
0.011272
0.00933261
0.00802916
0.00793445
0.00837636
0.00820219
0.00998378
0.0173862
0.0164817
0.0124605
0.0150903
0.0335783
0.0109793
0.0139485
0.0119105
0.0149773
0.0151549
0.0185772
0.00839921
0.00796944
0.00753001
0.0113787
0.0110693
0.0111684
0.00954486
0.010283
0.0123326
0.0100794
0.0317307
0.0202719
0.0259796
0.0217503
0.021072
0.0184358
0.0105049
0.0288782
0.0159127
0.0118056
0.0149827
0.0148113
0.00821476
0.0178802
0.0116684
0.0265955
0.0217937
0.0108282
0.013905
0.0160453
0.015812
0.0116774
0.0107104
0.0179735
0.00940329
0.0167593
0.0134979
0.0145513
0.00886103
0.0137265
0.00967066
0
0.0147752
0.00905985
0.012342
0.0174556
0.0182406
0.0153644
0.0206828
0.0168275
0.0128615
0.0159292
0.00956254
0.0198846
0.0189133
0.0117538
0.016733
0.0138277
0.0149786
0.0160791
0.017245
0.015421
0.0214909
0.00700386
0.0145748
0.0128841
0.00954024
0.0112778
0.00953416
0.0090849
0.0119929
0.0165237
0.0149977
0.00875897
0.0130766
0.035076
0.0120369
0.0143648
0.0126788
0.0194927
0.0087799
0.0200963
0.0104827
0.00941664
0.0109125
0.0174611
0.0155234
0.0168974
0.0136998
0.0115356
0.015894
0.0137606
0.0367673
0.0279439
0.0302348
0.0272721
0.0266127
0.022159
0.0127074
0.0326429
0.0151124
0.0121812
0.0106696
0.0198242
0.0117117
0.0158926
0.0139079
0.0283847
0.0280275
0.01357
0.0168439
0.00881966
0.0105697
0.0118025
0.0146583
0.0101185
0.0141417
0.0124625
0.0155424
0.0192209
0.0142979
0.0147257
0.0115978
0.0147752
0
0.0123108
0.0165703
0.0153223
0.0168626
0.0129341
0.0180271
0.011405
0.0110592
0.0122295
0.0106073
0.0153748
0.0157244
0.0132187
0.0147296
0.0120614
0.00568727
0.0111726
0.0114119
0.00643778
0.0144836
0.0134985
0.00495287
0.00118293
0.0053075
0.00597761
0.00702728
0.00599885
0.0130871
0.0152841
0.0155556
0.0109692
0.0114897
0.0306665
0.0127867
0.014819
0.0128006
0.00973438
0.0147351
0.0148454
0.00873931
0.00958565
0.00863014
0.0108181
0.0122757
0.011916
0.00910731
0.0125936
0.0120698
0.00891721
0.0259335
0.0186215
0.0220023
0.0189017
0.0189231
0.014703
0.00912581
0.026792
0.0138838
0.0111694
0.0123975
0.00988207
0.00538501
0.0133131
0.012253
0.0222662
0.0184871
0.0120512
0.0115648
0.0177739
0.0155926
0.0123018
0.0120007
0.0166038
0.00671936
0.0143926
0.0143816
0.0141599
0.00713377
0.011499
0.0123362
0.00905985
0.0123108
0
0.0118807
0.0124977
0.0127379
0.0151665
0.0171021
0.016847
0.00342287
0.0165294
0.00856174
0.0159923
0.0182043
0.0152591
0.0178681
0.00704383
0.0144401
0.0123579
0.012211
0.0132501
0.0180604
0.0175472
0.0135727
0.0111115
0.0105097
0.00977525
0.00835701
0.00908591
0.00424365
0.0172498
0.0168215
0.0161973
0.0148519
0.0319384
0.00632861
0.0133242
0.00837097
0.0112819
0.0151972
0.0113755
0.0072159
0.00655744
0.0109288
0.00524569
0.00597554
0.00797194
0.00612787
0.00413709
0.00566993
0.00520904
0.0250343
0.0166666
0.0218776
0.0198471
0.0179897
0.0160321
0.00726102
0.0226512
0.014022
0.00576604
0.014012
0.0138561
0.00631312
0.0202715
0.00518911
0.0227887
0.0182535
0.00676287
0.0130512
0.0138878
0.0132154
0.00830052
0.00540868
0.0170384
0.00839567
0.0165167
0.0108239
0.00901337
0.00892321
0.00958875
0.0054295
0.012342
0.0165703
0.0118807
0
0.017154
0.0168318
0.0124593
0.0200851
0.0151958
0.0144035
0.0141637
0.0118869
0.0180506
0.0180568
0.016114
0.0149306
0.0180832
0.0163472
0.0153106
0.0149911
0.017062
0.0188046
0.017682
0.0161806
0.0123477
0.0142382
0.0132957
0.0123108
0.0133282
0.0145876
0.0171765
0.0175732
0.0138277
0.012455
0.0366322
0.0181538
0.0203488
0.0181479
0.0155579
0.0112897
0.0221921
0.00988479
0.00954012
0.0177131
0.0179478
0.0170243
0.0185379
0.0123336
0.0156875
0.0178155
0.0149958
0.0321372
0.0277052
0.0307321
0.0272913
0.0280239
0.0186206
0.0126382
0.0368382
0.0055621
0.0177798
0.0030946
0.00946951
0.0114437
0.0148385
0.0167365
0.0290908
0.0286988
0.0150191
0.0138269
0.0099768
0.00960708
0.0146236
0.0158923
0.0146171
0.0119046
0.00201952
0.0186447
0.0213428
0.0124238
0.0167108
0.0150366
0.0174556
0.0153223
0.0124977
0.017154
0
0.00116161
0.0119327
0.00573425
0.0129486
0.0139628
0.0155751
0.0109539
0.0184497
0.0186449
0.0180431
0.0148915
0.0189892
0.0161056
0.0178581
0.0163975
0.0166249
0.0188288
0.0200016
0.0169316
0.0121295
0.0137869
0.012841
0.0117603
0.0136086
0.0155866
0.0200905
0.0194005
0.0142463
0.0131066
0.0336974
0.0179845
0.0189048
0.0179584
0.0169638
0.0116542
0.0218673
0.0103764
0.00990292
0.0176534
0.0184794
0.0169387
0.0180956
0.0127535
0.0158847
0.0180307
0.0153274
0.0359312
0.0291441
0.0318261
0.0281003
0.0287022
0.0187659
0.013646
0.0363267
0.00554851
0.0176149
0.00393304
0.0104586
0.0118746
0.0141736
0.017098
0.0291412
0.0299792
0.0153715
0.014601
0.00887341
0.00952318
0.0149215
0.0160811
0.0136117
0.0131171
0.00137369
0.0188067
0.0215103
0.0128591
0.0171801
0.015827
0.0182406
0.0168626
0.0127379
0.0168318
0.00116161
0
0.0122219
0.00517604
0.012033
0.011298
0.00993988
0.0109531
0.0182141
0.0178342
0.0125232
0.0142705
0.0138779
0.0170294
0.0101547
0.0110337
0.0176822
0.0206587
0.0147522
0.0159009
0.0145565
0.0130116
0.0115665
0.010577
0.0108398
0.0124461
0.0122737
0.0125551
0.0118348
0.010953
0.0365869
0.011826
0.0171936
0.0138167
0.014371
0.00903276
0.0185152
0.0101749
0.0099881
0.0144881
0.0130411
0.0126945
0.0141217
0.012048
0.0126839
0.0125745
0.0117174
0.0362143
0.0235644
0.0297894
0.0254189
0.0252202
0.0186774
0.013475
0.0332551
0.0132004
0.013483
0.00996974
0.0143666
0.011456
0.0145857
0.0108392
0.0274074
0.0264666
0.0126501
0.0100876
0.0116029
0.0138774
0.0113108
0.0102789
0.0101452
0.0130906
0.0137178
0.0147153
0.0175689
0.0133485
0.0125746
0.00965531
0.0153644
0.0129341
0.0151665
0.0124593
0.0119327
0.0122219
0
0.0187962
0.00081641
0.0173225
0.0161749
0.0142731
0.0199343
0.0183452
0.0197493
0.0169684
0.0217301
0.0196159
0.0193716
0.0176189
0.021427
0.0212276
0.0200554
0.0208456
0.0164722
0.0168341
0.0157299
0.0146575
0.0163798
0.01948
0.0193742
0.0195971
0.0160375
0.0156957
0.0380523
0.0204981
0.020792
0.0214002
0.0181572
0.013769
0.0250625
0.0133939
0.0130726
0.0203179
0.020294
0.0194508
0.020332
0.0161799
0.0194053
0.0202066
0.0182501
0.0377744
0.0294511
0.0323178
0.0292652
0.0299613
0.019516
0.0169534
0.0358013
0.0101723
0.0198264
0.00762063
0.0124416
0.0156733
0.015831
0.0200298
0.0304596
0.0303747
0.0185668
0.014319
0.0109801
0.0127375
0.0175831
0.0189928
0.016268
0.0171168
0.00507578
0.0206551
0.023752
0.016757
0.0196184
0.0190508
0.0206828
0.0180271
0.0171021
0.0200851
0.00573425
0.00517604
0.0187962
0
0.0151028
0.0142167
0.00835653
0.0139377
0.0161602
0.0154191
0.0134423
0.0116863
0.0172737
0.0186524
0.00789466
0.00824443
0.0192305
0.0178011
0.0127096
0.0180853
0.0163602
0.0147081
0.0132949
0.0127925
0.012848
0.0149081
0.0105747
0.0114584
0.0110331
0.00760149
0.0359194
0.0155447
0.0197516
0.015992
0.0115556
0.0101868
0.0219735
0.0118001
0.011923
0.016574
0.0152768
0.0161722
0.0164022
0.0142992
0.015631
0.0150292
0.0146844
0.0331929
0.0199931
0.0266801
0.0224503
0.0218464
0.0167106
0.0157619
0.034466
0.0126518
0.0170196
0.0130225
0.0113831
0.0132484
0.010878
0.0134703
0.0249269
0.0239681
0.0156274
0.00726522
0.0153945
0.0170901
0.0136806
0.012353
0.0119024
0.0147515
0.0147281
0.0180865
0.0204656
0.015142
0.0145807
0.0126675
0.0168275
0.011405
0.016847
0.0151958
0.0129486
0.012033
0.00081641
0.0151028
0
