24
T14            0.00000000    0.24507056    0.25444926    0.24209053    0.23834137    0.26574577    0.25140487    0.25990861    0.31495656    0.29326669    0.25485076    0.24914451    0.23252225    0.23566642    0.20569159    0.20569159    0.20591321    0.21604938    0.25263396    0.22698841    0.19252558    0.18316873    0.21412449    0.16652702
T9             0.24507056    0.00000000    0.07654622    0.08103392    0.11356495    0.15182314    0.13951804    0.16009791    0.32401451    0.30513559    0.26644963    0.26299075    0.25822219    0.24633802    0.20895555    0.20895555    0.21775993    0.20251375    0.22677085    0.22219135    0.30804090    0.31607209    0.36134380    0.29569090
T21            0.25444926    0.07654622    0.00000000    0.04147398    0.11863900    0.16009791    0.14763392    0.16855728    0.33834561    0.31223443    0.26995906    0.26644963    0.26170480    0.24668087    0.21775993    0.21775993    0.22677563    0.20547961    0.25047727    0.23114757    0.30763892    0.30888112    0.36189291    0.29936005
T8             0.24209053    0.08103392    0.04147398    0.00000000    0.11389447    0.14918989    0.13693276    0.15209107    0.32743695    0.30183834    0.25717369    0.25380140    0.24903150    0.23437963    0.21462617    0.21462617    0.22354696    0.20805642    0.24422983    0.22506751    0.30069896    0.30845498    0.36134380    0.29895559
T19            0.23834137    0.11356495    0.11863900    0.11389447    0.00000000    0.14845621    0.13623006    0.15131176    0.31272355    0.29423456    0.25319622    0.24991203    0.23912837    0.23060366    0.19995225    0.19995225    0.22559701    0.19958847    0.24055769    0.22721619    0.29009708    0.31723992    0.32912322    0.27872920
T1             0.26574577    0.15182314    0.16009791    0.14918989    0.14845621    0.00000000    0.02031641    0.05664781    0.35824327    0.34187829    0.29120122    0.28753926    0.27630190    0.26095415    0.22506751    0.22506751    0.25207611    0.23618386    0.27968331    0.25958164    0.33599086    0.34440467    0.36869717    0.31388714
T20            0.25140487    0.13951804    0.14763392    0.13693276    0.13623006    0.02031641    0.00000000    0.04589887    0.35879230    0.34240075    0.28189858    0.27830960    0.27351984    0.25822219    0.22009011    0.22009011    0.24098143    0.22481781    0.26817711    0.24837912    0.32019231    0.33533499    0.36673660    0.31179682
T15            0.25990861    0.16009791    0.16855728    0.15209107    0.15131176    0.05664781    0.04589887    0.00000000    0.36134380    0.34848484    0.29078302    0.28714330    0.28230728    0.26681791    0.23703726    0.23703726    0.25242751    0.23885564    0.28638578    0.25990861    0.31938321    0.33088326    0.36927406    0.31429963
T2             0.31495656    0.32401451    0.33834561    0.32743695    0.31272355    0.35824327    0.35879230    0.36134380    0.00000000    0.04339613    0.19252558    0.18728453    0.16933273    0.15646581    0.24667490    0.24667490    0.25896018    0.25460931    0.28439023    0.26667164    0.37088162    0.38137529    0.41729985    0.37182438
T4             0.29326669    0.30513559    0.31223443    0.30183834    0.29423456    0.34187829    0.34240075    0.34848484    0.04339613    0.00000000    0.18228131    0.17711125    0.15939895    0.14669898    0.22698841    0.22698841    0.23885564    0.23764845    0.26362834    0.25187157    0.34732657    0.36818957    0.38458730    0.34467652
T22            0.25485076    0.26644963    0.26995906    0.25717369    0.25319622    0.29120122    0.28189858    0.29078302    0.19252558    0.18228131    0.00000000    0.00805191    0.03281354    0.04120901    0.16866268    0.16866268    0.18708874    0.18624925    0.21584460    0.19670325    0.31495656    0.33643595    0.35051492    0.30324184
T16            0.24914451    0.26299075    0.26644963    0.25380140    0.24991203    0.28753926    0.27830960    0.28714330    0.18728453    0.17711125    0.00805191    0.00000000    0.02863274    0.03698173    0.16360887    0.16360887    0.18189201    0.18107933    0.21044420    0.18877602    0.30873532    0.32997773    0.34390843    0.29711108
T6             0.23252225    0.25822219    0.26170480    0.24903150    0.23912837    0.27630190    0.27351984    0.28230728    0.16933273    0.15939895    0.03281354    0.02863274    0.00000000    0.02447608    0.15646581    0.15646581    0.17197877    0.17375271    0.21129750    0.18942094    0.29390004    0.29818215    0.32743695    0.27935384
T13            0.23566642    0.24633802    0.24668087    0.23437963    0.23060366    0.26095415    0.25822219    0.26681791    0.15646581    0.14669898    0.04120901    0.03698173    0.02447608    0.00000000    0.14387560    0.14387560    0.16164712    0.16089181    0.19759828    0.17623395    0.27533375    0.29530913    0.32446212    0.27654309
T0             0.20569159    0.20895555    0.21775993    0.21462617    0.19995225    0.22506751    0.22009011    0.23703726    0.24667490    0.22698841    0.16866268    0.16360887    0.15646581    0.14387560    0.00000000    0.00200406    0.05648025    0.04966877    0.09189920    0.07835668    0.25510315    0.26508566    0.30763892    0.26541023
T18            0.20569159    0.20895555    0.21775993    0.21462617    0.19995225    0.22506751    0.22009011    0.23703726    0.24667490    0.22698841    0.16866268    0.16360887    0.15646581    0.14387560    0.00200406    0.00000000    0.05869501    0.05182999    0.09422818    0.08063747    0.25510315    0.26508566    0.30763892    0.26541023
T10            0.20591321    0.21775993    0.22677563    0.22354696    0.22559701    0.25207611    0.24098143    0.25242751    0.25896018    0.23885564    0.18708874    0.18189201    0.17197877    0.16164712    0.05648025    0.05869501    0.00000000    0.05854470    0.11341166    0.08997757    0.25838223    0.28111492    0.32492225    0.27830960
T3             0.21604938    0.20251375    0.20547961    0.20805642    0.19958847    0.23618386    0.22481781    0.23885564    0.25460931    0.23764845    0.18624925    0.18107933    0.17375271    0.16089181    0.04966877    0.05182999    0.05854470    0.00000000    0.10089310    0.08719874    0.26614770    0.27622368    0.31938321    0.27032189
T12            0.25263396    0.22677085    0.25047727    0.24422983    0.24055769    0.27968331    0.26817711    0.28638578    0.28439023    0.26362834    0.21584460    0.21044420    0.21129750    0.19759828    0.09189920    0.09422818    0.11341166    0.10089310    0.00000000    0.05186636    0.29070972    0.29677793    0.34817043    0.30687133
T23            0.22698841    0.22219135    0.23114757    0.22506751    0.22721619    0.25958164    0.24837912    0.25990861    0.26667164    0.25187157    0.19670325    0.18877602    0.18942094    0.17623395    0.07835668    0.08063747    0.08997757    0.08719874    0.05186636    0.00000000    0.26869314    0.28185913    0.33555876    0.28851625
T5             0.19252558    0.30804090    0.30763892    0.30069896    0.29009708    0.33599086    0.32019231    0.31938321    0.37088162    0.34732657    0.31495656    0.30873532    0.29390004    0.27533375    0.25510315    0.25510315    0.25838223    0.26614770    0.29070972    0.26869314    0.00000000    0.17305118    0.24477981    0.19780587
T11            0.18316873    0.31607209    0.30888112    0.30845498    0.31723992    0.34440467    0.33533499    0.33088326    0.38137529    0.36818957    0.33643595    0.32997773    0.29818215    0.29530913    0.26508566    0.26508566    0.28111492    0.27622368    0.29677793    0.28185913    0.17305118    0.00000000    0.24032265    0.20460824
T17            0.21412449    0.36134380    0.36189291    0.36134380    0.32912322    0.36869717    0.36673660    0.36927406    0.41729985    0.38458730    0.35051492    0.34390843    0.32743695    0.32446212    0.30763892    0.30763892    0.32492225    0.31938321    0.34817043    0.33555876    0.24477981    0.24032265    0.00000000    0.06705808
T7             0.16652702    0.29569090    0.29936005    0.29895559    0.27872920    0.31388714    0.31179682    0.31429963    0.37182438    0.34467652    0.30324184    0.29711108    0.27935384    0.27654309    0.26541023    0.26541023    0.27830960    0.27032189    0.30687133    0.28851625    0.19780587    0.20460824    0.06705808    0.00000000

