24
T5             0.00000000    0.37611931    0.39981302    0.39395582    0.39784131    0.37613148    0.37613148    0.35434396    0.20470733    0.20783367    0.21584401    0.22752094    0.21388738    0.21421290    0.20180618    0.21421290    0.18486567    0.17416088    0.18931872    0.18379702    0.11054674    0.14749707    0.14493097    0.14493097
T11            0.37611931    0.00000000    0.14647717    0.14001704    0.13496285    0.10330393    0.10330393    0.08784234    0.33215505    0.33601698    0.35262298    0.36966132    0.34954991    0.35718764    0.39878308    0.40782777    0.37613148    0.38627457    0.39093873    0.38287147    0.33638295    0.38562889    0.37927550    0.37927550
T16            0.39981302    0.14647717    0.00000000    0.08495725    0.08039985    0.13587499    0.15057511    0.12185426    0.38042758    0.38088766    0.40616183    0.40341131    0.39253847    0.38457162    0.44214197    0.46029935    0.40563239    0.41226954    0.42133531    0.41701682    0.37281366    0.41094214    0.41629349    0.41629349
T7             0.39395582    0.14001704    0.08495725    0.00000000    0.00806491    0.12915750    0.13881251    0.10577103    0.37181869    0.37230921    0.39742573    0.39632032    0.38287147    0.37230921    0.43764652    0.45571497    0.39686565    0.40726626    0.41226954    0.40793144    0.37181820    0.40502602    0.41160746    0.41160746
T18            0.39784131    0.13496285    0.08039985    0.00806491    0.00000000    0.12427680    0.13385912    0.10577103    0.36458405    0.37230921    0.39742573    0.38878510    0.38287147    0.37230921    0.43764652    0.45571497    0.38930175    0.39958596    0.40461920    0.40036828    0.37181820    0.40502602    0.41160746    0.41160746
T20            0.37613148    0.10330393    0.13587499    0.12915750    0.12427680    0.00000000    0.01210969    0.05841139    0.34005926    0.34043653    0.36413373    0.37043097    0.36100574    0.35524312    0.40639744    0.41560180    0.37915990    0.37915990    0.39056183    0.38642077    0.34392412    0.37813599    0.37813599    0.37813599
T13            0.37613148    0.10330393    0.15057511    0.13881251    0.13385912    0.01210969    0.00000000    0.06282762    0.34005926    0.33362227    0.36413373    0.37043097    0.36100574    0.35524312    0.40639744    0.41560180    0.37915990    0.37915990    0.39056183    0.38276403    0.34392412    0.37813599    0.37071230    0.37071230
T4             0.35434396    0.08784234    0.12185426    0.10577103    0.10577103    0.05841139    0.06282762    0.00000000    0.33601698    0.33300634    0.35310295    0.36652267    0.35359615    0.35052390    0.38912917    0.41416015    0.36925302    0.36812010    0.38020953    0.37597981    0.32294975    0.35991729    0.35991729    0.35991729
T14            0.20470733    0.33215505    0.38042758    0.37181869    0.36458405    0.34005926    0.34005926    0.33601698    0.00000000    0.04133985    0.05867805    0.08482923    0.07819601    0.08741955    0.22752094    0.24177152    0.20320991    0.21397064    0.21852971    0.21552978    0.18825706    0.22457596    0.21584401    0.21584401
T15            0.20783367    0.33601698    0.38088766    0.37230921    0.37230921    0.34043653    0.33362227    0.33300634    0.04133985    0.00000000    0.04790761    0.09878486    0.07599935    0.08751441    0.23083245    0.24748508    0.20065552    0.21138165    0.22157153    0.21852971    0.18850134    0.22490736    0.21614975    0.21614975
T22            0.21584401    0.35262298    0.40616183    0.39742573    0.39742573    0.36413373    0.36413373    0.35310295    0.05867805    0.04790761    0.00000000    0.11524361    0.09653651    0.10852164    0.26384550    0.28131704    0.23152204    0.23682622    0.24727491    0.24404254    0.21326442    0.24518103    0.23682884    0.23682884
T10            0.22752094    0.36966132    0.40341131    0.39632032    0.38878510    0.37043097    0.37043097    0.36652267    0.08482923    0.09878486    0.11524361    0.00000000    0.07404254    0.10373434    0.26298954    0.27720175    0.23388146    0.23920833    0.24430395    0.24109794    0.21554775    0.25672975    0.24748508    0.24748508
T8             0.21388738    0.34954991    0.39253847    0.38287147    0.38287147    0.36100574    0.36100574    0.35359615    0.07819601    0.07599935    0.09653651    0.07404254    0.00000000    0.08299558    0.25796956    0.26889647    0.22541221    0.22489803    0.23866897    0.23307873    0.21069418    0.24556598    0.23646178    0.23646178
T23            0.21421290    0.35718764    0.38457162    0.37230921    0.37230921    0.35524312    0.35524312    0.35052390    0.08741955    0.08751441    0.10852164    0.10373434    0.08299558    0.00000000    0.25214331    0.26932897    0.22279059    0.22515018    0.23259416    0.22949055    0.20528087    0.22857035    0.22490736    0.22490736
T6             0.20180618    0.39878308    0.44214197    0.43764652    0.43764652    0.40639744    0.40639744    0.38912917    0.22752094    0.23083245    0.26384550    0.26298954    0.25796956    0.25214331    0.00000000    0.03272799    0.16758293    0.16493511    0.16139698    0.16124186    0.19295845    0.22113584    0.22709671    0.22709671
T12            0.21421290    0.40782777    0.46029935    0.45571497    0.45571497    0.41560180    0.41560180    0.41416015    0.24177152    0.24748508    0.28131704    0.27720175    0.26889647    0.26932897    0.03272799    0.00000000    0.17740630    0.18009692    0.17119896    0.17105164    0.20081700    0.23155959    0.23759239    0.23759239
T3             0.18486567    0.37613148    0.40563239    0.39686565    0.38930175    0.37915990    0.37915990    0.36925302    0.20320991    0.20065552    0.23152204    0.23388146    0.22541221    0.22279059    0.16758293    0.17740630    0.00000000    0.04334572    0.10104065    0.09627508    0.16383445    0.18466484    0.20672856    0.20672856
T17            0.17416088    0.38627457    0.41226954    0.40726626    0.39958596    0.37915990    0.37915990    0.36812010    0.21397064    0.21138165    0.23682622    0.23920833    0.22489803    0.22515018    0.16493511    0.18009692    0.04334572    0.00000000    0.10124462    0.09860703    0.16644059    0.19282469    0.20672856    0.20672856
T1             0.18931872    0.39093873    0.42133531    0.41226954    0.40461920    0.39056183    0.39056183    0.38020953    0.21852971    0.22157153    0.24727491    0.24430395    0.23866897    0.23259416    0.16139698    0.17119896    0.10104065    0.10124462    0.00000000    0.01210041    0.17091323    0.19455904    0.20278589    0.20278589
T0             0.18379702    0.38287147    0.41701682    0.40793144    0.40036828    0.38642077    0.38276403    0.37597981    0.21552978    0.21852971    0.24404254    0.24109794    0.23307873    0.22949055    0.16124186    0.17105164    0.09627508    0.09860703    0.01210041    0.00000000    0.16819133    0.19167891    0.19710365    0.19710365
T2             0.11054674    0.33638295    0.37281366    0.37181820    0.37181820    0.34392412    0.34392412    0.32294975    0.18825706    0.18850134    0.21326442    0.21554775    0.21069418    0.20528087    0.19295845    0.20081700    0.16383445    0.16644059    0.17091323    0.16819133    0.00000000    0.11335537    0.11335537    0.11335537
T9             0.14749707    0.38562889    0.41094214    0.40502602    0.40502602    0.37813599    0.37813599    0.35991729    0.22457596    0.22490736    0.24518103    0.25672975    0.24556598    0.22857035    0.22113584    0.23155959    0.18466484    0.19282469    0.19455904    0.19167891    0.11335537    0.00000000    0.08079432    0.08079432
T21            0.14493097    0.37927550    0.41629349    0.41160746    0.41160746    0.37813599    0.37071230    0.35991729    0.21584401    0.21614975    0.23682884    0.24748508    0.23646178    0.22490736    0.22709671    0.23759239    0.20672856    0.20672856    0.20278589    0.19710365    0.11335537    0.08079432    0.00000000    0.00000000
T19            0.14493097    0.37927550    0.41629349    0.41160746    0.41160746    0.37813599    0.37071230    0.35991729    0.21584401    0.21614975    0.23682884    0.24748508    0.23646178    0.22490736    0.22709671    0.23759239    0.20672856    0.20672856    0.20278589    0.19710365    0.11335537    0.08079432    0.00000000    0.00000000

