24
T12            0.00000000    0.18874985    0.18849676    0.19580092    0.19327578    0.17761703    0.15654511    0.19534872    0.15156736    0.18801748    0.17339533    0.17882047    0.18155535    0.21781255    0.17610052    0.16851186    0.17339533    0.18376767    0.19206337    0.19151497    0.17024116    0.18825263    0.20391159    0.21583779
T0             0.18874985    0.00000000    0.01623228    0.15226667    0.14512022    0.12023599    0.11779562    0.14424199    0.11549982    0.24407840    0.21970177    0.22559144    0.23984581    0.28652958    0.23155155    0.22039612    0.21388088    0.22490022    0.24517234    0.23910362    0.20416570    0.22073144    0.23653340    0.25521250
T22            0.18849676    0.01623228    0.00000000    0.14950682    0.14237544    0.11766472    0.11524216    0.14157050    0.11295044    0.23773842    0.21356488    0.21936877    0.23645376    0.28272771    0.22820332    0.21711668    0.21068809    0.22164157    0.24785053    0.23574958    0.20111559    0.21757070    0.23333021    0.25180878
T16            0.19580092    0.15226667    0.14950682    0.00000000    0.05195005    0.12965830    0.11742622    0.14694751    0.11973530    0.23416253    0.22456900    0.23047596    0.23874739    0.26805311    0.21757070    0.20672336    0.21471057    0.22567803    0.24877465    0.23094783    0.22179054    0.23573579    0.24109204    0.27836741
T7             0.19327578    0.14512022    0.14237544    0.05195005    0.00000000    0.12023599    0.10815191    0.14456876    0.10566800    0.23681954    0.22718344    0.23310790    0.24140791    0.26931814    0.22132859    0.21038977    0.20416570    0.21497807    0.24675892    0.23476750    0.20834234    0.22489254    0.23067898    0.26066394
T13            0.17761703    0.12023599    0.11766472    0.12965830    0.12023599    0.00000000    0.05860074    0.08520315    0.09869125    0.22655200    0.20843584    0.21420624    0.22820332    0.25795940    0.20273148    0.19206337    0.19151497    0.20215601    0.23118332    0.22164157    0.19513647    0.21092506    0.20812921    0.23978155
T8             0.15654511    0.11779562    0.11524216    0.11742622    0.10815191    0.05860074    0.00000000    0.07395728    0.08940684    0.21784645    0.19429553    0.19990360    0.21356488    0.23192944    0.18155535    0.18376767    0.18326520    0.19376753    0.21420624    0.20273148    0.18968222    0.20534896    0.21611937    0.24276125
T23            0.19534872    0.14424199    0.14157050    0.14694751    0.14456876    0.08520315    0.07395728    0.00000000    0.12194865    0.24245739    0.23276970    0.23874739    0.25323712    0.27207547    0.22456900    0.21583779    0.21525513    0.22625089    0.25016547    0.24641536    0.22179054    0.23816500    0.23770843    0.26514860
T5             0.15156736    0.11549982    0.11295044    0.11973530    0.10566800    0.09869125    0.08940684    0.12194865    0.00000000    0.20391159    0.19402701    0.19961930    0.20470185    0.22718344    0.17761703    0.17269115    0.18031478    0.19075971    0.21554171    0.20698545    0.17415775    0.19260659    0.20239604    0.20834234
T19            0.18801748    0.24407840    0.23773842    0.23416253    0.23681954    0.22655200    0.21784645    0.24245739    0.20391159    0.00000000    0.06938398    0.07387973    0.08741871    0.24785053    0.19654803    0.19151497    0.18279809    0.19327578    0.22751373    0.21525513    0.21990817    0.23920181    0.25356192    0.28476659
T9             0.17339533    0.21970177    0.21356488    0.22456900    0.22718344    0.20843584    0.19429553    0.23276970    0.19402701    0.06938398    0.00000000    0.00401614    0.03701350    0.23231699    0.18736022    0.18240434    0.17094936    0.18403211    0.20081101    0.19178470    0.20698545    0.22017290    0.24980240    0.27251800
T3             0.17882047    0.22559144    0.21936877    0.23047596    0.23310790    0.21420624    0.19990360    0.23874739    0.19961930    0.07387973    0.00401614    0.00000000    0.04128778    0.23838608    0.19295282    0.18796584    0.17635983    0.18956255    0.20653190    0.19178470    0.21267327    0.22595956    0.25594568    0.27898002
T2             0.18155535    0.23984581    0.23645376    0.23874739    0.24140791    0.22820332    0.21356488    0.25323712    0.20470185    0.08741871    0.03701350    0.04128778    0.00000000    0.25613132    0.20366325    0.19860888    0.18956255    0.20303295    0.22039612    0.21099573    0.22132859    0.23181419    0.26139376    0.28456788
T1             0.21781255    0.28652958    0.28272771    0.26805311    0.26931814    0.25795940    0.23192944    0.27207547    0.22718344    0.24785053    0.23231699    0.23838608    0.25613132    0.00000000    0.04355832    0.06979047    0.14905451    0.15380846    0.23312097    0.23838608    0.25361993    0.27636120    0.30592566    0.31381424
T20            0.17610052    0.23155155    0.22820332    0.21757070    0.22132859    0.20273148    0.18155535    0.22456900    0.17761703    0.19654803    0.18736022    0.19295282    0.20366325    0.04355832    0.00000000    0.02444448    0.10219117    0.10669387    0.19077004    0.19014867    0.20698545    0.23181419    0.25521250    0.26530497
T18            0.16851186    0.22039612    0.21711668    0.20672336    0.21038977    0.19206337    0.18376767    0.21583779    0.17269115    0.19151497    0.18240434    0.18796584    0.19860888    0.06979047    0.02444448    0.00000000    0.09771754    0.10219117    0.18024054    0.18182967    0.20188205    0.22655200    0.24980240    0.25672027
T4             0.17339533    0.21388088    0.21068809    0.21471057    0.20416570    0.19151497    0.18326520    0.21525513    0.18031478    0.18279809    0.17094936    0.17635983    0.18956255    0.14905451    0.10219117    0.09771754    0.00000000    0.01210967    0.17474031    0.17094936    0.19030138    0.20879731    0.25215038    0.25053876
T10            0.18376767    0.22490022    0.22164157    0.22567803    0.21497807    0.20215601    0.19376753    0.22625089    0.19075971    0.19327578    0.18403211    0.18956255    0.20303295    0.15380846    0.10669387    0.10219117    0.01210967    0.00000000    0.18240434    0.17856236    0.20087867    0.21965318    0.24608201    0.25594568
T21            0.19206337    0.24517234    0.24785053    0.24877465    0.24675892    0.23118332    0.21420624    0.25016547    0.21554171    0.22751373    0.20081101    0.20653190    0.22039612    0.23312097    0.19077004    0.18024054    0.17474031    0.18240434    0.00000000    0.07380926    0.24072715    0.26688365    0.29256895    0.27484337
T11            0.19151497    0.23910362    0.23574958    0.23094783    0.23476750    0.22164157    0.20273148    0.24641536    0.20698545    0.21525513    0.19178470    0.19178470    0.21099573    0.23838608    0.19014867    0.18182967    0.17094936    0.17856236    0.07380926    0.00000000    0.22252145    0.25387109    0.28437023    0.27636120
T6             0.17024116    0.20416570    0.20111559    0.22179054    0.20834234    0.19513647    0.18968222    0.22179054    0.17415775    0.21990817    0.20698545    0.21267327    0.22132859    0.25361993    0.20698545    0.20188205    0.19030138    0.20087867    0.24072715    0.22252145    0.00000000    0.05190130    0.23067898    0.22830801
T15            0.18825263    0.22073144    0.21757070    0.23573579    0.22489254    0.21092506    0.20534896    0.23816500    0.19260659    0.23920181    0.22017290    0.22595956    0.23181419    0.27636120    0.23181419    0.22655200    0.20879731    0.21965318    0.26688365    0.25387109    0.05190130    0.00000000    0.24726825    0.25387109
T17            0.20391159    0.23653340    0.23333021    0.24109204    0.23067898    0.20812921    0.21611937    0.23770843    0.20239604    0.25356192    0.24980240    0.25594568    0.26139376    0.30592566    0.25521250    0.24980240    0.25215038    0.24608201    0.29256895    0.28437023    0.23067898    0.24726825    0.00000000    0.13279593
T14            0.21583779    0.25521250    0.25180878    0.27836741    0.26066394    0.23978155    0.24276125    0.26514860    0.20834234    0.28476659    0.27251800    0.27898002    0.28456788    0.31381424    0.26530497    0.25672027    0.25053876    0.25594568    0.27484337    0.27636120    0.22830801    0.25387109    0.13279593    0.00000000

