24
T22            0.00000000    0.43450312    0.42437080    0.32740661    0.36047073    0.35798443    0.40105199    0.39651827    0.35988459    0.35315616    0.35680002    0.36609309    0.35931162    0.37164788    0.37101999    0.38110819    0.34291492    0.32608153    0.37675517    0.27805802    0.28235324    0.15527043    0.15767252    0.16250156
T3             0.43450312    0.00000000    0.02859789    0.26489719    0.27874470    0.28277311    0.33434742    0.33387691    0.29041400    0.27874470    0.27874470    0.29366578    0.28757968    0.28115976    0.27835713    0.30023369    0.27278455    0.28176336    0.31617633    0.37164788    0.39522368    0.42154227    0.45566133    0.46267512
T11            0.42437080    0.02859789    0.00000000    0.26297427    0.27997307    0.28084650    0.33135194    0.33088103    0.28840604    0.27676299    0.27676299    0.29166856    0.28235324    0.28235324    0.27955269    0.29495258    0.27080466    0.27993545    0.32134561    0.36852136    0.39199922    0.41156187    0.44526370    0.45217921
T6             0.32740661    0.26489719    0.26297427    0.00000000    0.06519905    0.06074333    0.16452689    0.16172589    0.12814113    0.11874189    0.11874189    0.13279454    0.12796228    0.12053172    0.11578707    0.14295447    0.12103556    0.12351860    0.16099876    0.26256164    0.26687514    0.30643923    0.32740661    0.33335971
T19            0.36047073    0.27874470    0.27997307    0.06519905    0.00000000    0.04541999    0.17680644    0.17397939    0.13479235    0.13245077    0.13245077    0.13949939    0.14219580    0.13714187    0.13229075    0.14968488    0.13765997    0.13513297    0.17855983    0.28927706    0.29366578    0.33135194    0.35931162    0.36551949
T21            0.35798443    0.28277311    0.28084650    0.06074333    0.04541999    0.00000000    0.17452322    0.17168555    0.13046395    0.12564570    0.12564570    0.13229075    0.13747928    0.13747928    0.13011707    0.15527043    0.13804521    0.13550529    0.17635788    0.28690842    0.29123911    0.32885245    0.35431365    0.36298224
T7             0.40105199    0.33434742    0.33135194    0.16452689    0.17680644    0.17452322    0.00000000    0.01006776    0.18160374    0.17118922    0.17118922    0.17599822    0.17645630    0.18410562    0.18160374    0.20576107    0.17928858    0.18506633    0.21160960    0.31811178    0.31939106    0.37382407    0.38824861    0.39470444
T23            0.39651827    0.33387691    0.33088103    0.16172589    0.17397939    0.17168555    0.01006776    0.00000000    0.17878237    0.16843551    0.16843551    0.17849005    0.17629463    0.18127912    0.17878237    0.20277296    0.17645630    0.18215844    0.20855703    0.31097571    0.31237183    0.36962073    0.38390597    0.39033290
T0             0.35988459    0.29041400    0.28840604    0.12814113    0.13479235    0.13046395    0.18160374    0.17878237    0.00000000    0.04124228    0.04124228    0.12254345    0.11779384    0.12268663    0.12037912    0.12500188    0.11578707    0.14219580    0.16492864    0.27914322    0.28359858    0.32743858    0.34085826    0.35306667
T10            0.35315616    0.27874470    0.27676299    0.11874189    0.13245077    0.12564570    0.17118922    0.16843551    0.04124228    0.00000000    0.00401210    0.11536534    0.11066475    0.11307565    0.11321032    0.11779384    0.11350243    0.13229075    0.15466237    0.27317361    0.27446591    0.31431442    0.32743858    0.33944942
T13            0.35680002    0.27874470    0.27676299    0.11874189    0.13245077    0.12564570    0.17118922    0.16843551    0.04124228    0.00401210    0.00000000    0.11536534    0.11066475    0.11307565    0.11321032    0.11779384    0.11350243    0.13229075    0.15466237    0.27317361    0.27446591    0.31431442    0.32743858    0.33944942
T14            0.36609309    0.29366578    0.29166856    0.13279454    0.13949939    0.13229075    0.17599822    0.17849005    0.12254345    0.11536534    0.11536534    0.00000000    0.03697716    0.06744193    0.06528415    0.07870105    0.06753211    0.14186496    0.18008864    0.27518799    0.27412132    0.33341897    0.35306667    0.36285306
T9             0.35931162    0.28757968    0.28235324    0.12796228    0.14219580    0.13747928    0.17645630    0.17629463    0.11779384    0.11066475    0.11066475    0.03697716    0.00000000    0.06081843    0.05867740    0.07195821    0.06090031    0.14202631    0.17492974    0.26304732    0.26206497    0.33735537    0.36076892    0.37067333
T8             0.37164788    0.28115976    0.28235324    0.12053172    0.13714187    0.13747928    0.18410562    0.18127912    0.12268663    0.11307565    0.11307565    0.06744193    0.06081843    0.00000000    0.00602724    0.04783461    0.03716084    0.14711893    0.17761301    0.27635294    0.27203888    0.34541412    0.36184895    0.36808300
T15            0.37101999    0.27835713    0.27955269    0.11578707    0.13229075    0.13011707    0.18160374    0.17878237    0.12037912    0.11321032    0.11321032    0.06528415    0.05867740    0.00602724    0.00000000    0.04572801    0.03508114    0.14474211    0.17514610    0.27595375    0.27168231    0.34489363    0.36130227    0.36753619
T1             0.38110819    0.30023369    0.29495258    0.14295447    0.14968488    0.15527043    0.20576107    0.20277296    0.12500188    0.11779384    0.11779384    0.07870105    0.07195821    0.04783461    0.04572801    0.00000000    0.03924696    0.15207646    0.18279373    0.28475650    0.28359858    0.35458798    0.37867085    0.38127458
T2             0.34291492    0.27278455    0.27080466    0.12103556    0.13765997    0.13804521    0.17928858    0.17645630    0.11578707    0.11350243    0.11350243    0.06753211    0.06090031    0.03716084    0.03508114    0.03924696    0.00000000    0.14255903    0.17291431    0.27357345    0.27240630    0.33088103    0.35512136    0.36130227
T4             0.32608153    0.28176336    0.27993545    0.12351860    0.13513297    0.13550529    0.18506633    0.18215844    0.14219580    0.13229075    0.13229075    0.14186496    0.14202631    0.14711893    0.14474211    0.15207646    0.14255903    0.00000000    0.07841559    0.26024790    0.26138637    0.30158624    0.31461619    0.32047324
T17            0.37675517    0.31617633    0.32134561    0.16099876    0.17855983    0.17635788    0.21160960    0.20855703    0.16492864    0.15466237    0.15466237    0.18008864    0.17492974    0.17761301    0.17514610    0.18279373    0.17291431    0.07841559    0.00000000    0.30354993    0.30446290    0.36478176    0.37543000    0.37415914
T20            0.27805802    0.37164788    0.36852136    0.26256164    0.28927706    0.28690842    0.31811178    0.31097571    0.27914322    0.27317361    0.27317361    0.27518799    0.26304732    0.27635294    0.27595375    0.28475650    0.27357345    0.26024790    0.30354993    0.00000000    0.03481449    0.24575048    0.24543694    0.25083593
T16            0.28235324    0.39522368    0.39199922    0.26687514    0.29366578    0.29123911    0.31939106    0.31237183    0.28359858    0.27446591    0.27446591    0.27412132    0.26206497    0.27203888    0.27168231    0.28359858    0.27240630    0.26138637    0.30446290    0.03481449    0.00000000    0.25931970    0.25296263    0.25842969
T18            0.15527043    0.42154227    0.41156187    0.30643923    0.33135194    0.32885245    0.37382407    0.36962073    0.32743858    0.31431442    0.31431442    0.33341897    0.33735537    0.34541412    0.34489363    0.35458798    0.33088103    0.30158624    0.36478176    0.24575048    0.25931970    0.00000000    0.09205987    0.09653403
T5             0.15767252    0.45566133    0.44526370    0.32740661    0.35931162    0.35431365    0.38824861    0.38390597    0.34085826    0.32743858    0.32743858    0.35306667    0.36076892    0.36184895    0.36130227    0.37867085    0.35512136    0.31461619    0.37543000    0.24543694    0.25296263    0.09205987    0.00000000    0.01617909
T12            0.16250156    0.46267512    0.45217921    0.33335971    0.36551949    0.36298224    0.39470444    0.39033290    0.35306667    0.33944942    0.33944942    0.36285306    0.37067333    0.36808300    0.36753619    0.38127458    0.36130227    0.32047324    0.37415914    0.25083593    0.25842969    0.09653403    0.01617909    0.00000000

