24
T5             0.00000000    0.27598235    0.28224407    0.33779525    0.21918135    0.22683956    0.21352382    0.17681905    0.16628118    0.20535408    0.22465967    0.22753744    0.23018087    0.18304239    0.16982362    0.22753744    0.23980231    0.21241436    0.19683630    0.18653873    0.19180662    0.19127278    0.17808842    0.17453716
T0             0.27598235    0.00000000    0.07359725    0.12448864    0.23259492    0.25270874    0.22203441    0.21446736    0.20600458    0.23283428    0.23283428    0.22706215    0.23259492    0.25086602    0.23334339    0.29395890    0.28444689    0.27450352    0.28610027    0.28010301    0.29252379    0.27910336    0.25270874    0.27230943
T3             0.28224407    0.07359725    0.00000000    0.12185250    0.24625399    0.26979843    0.24430924    0.23069306    0.22203441    0.24649508    0.24404554    0.24062108    0.24920836    0.26241445    0.24458331    0.30947989    0.29650804    0.29616322    0.29825194    0.28893791    0.30151624    0.29751921    0.27039503    0.28161411
T17            0.33779525    0.12448864    0.12185250    0.00000000    0.28102969    0.30261735    0.28224407    0.25874305    0.25270874    0.28759740    0.28507402    0.27568141    0.28475473    0.30731208    0.27318318    0.35393173    0.34005747    0.34700072    0.33175897    0.32875980    0.34209316    0.33437442    0.31904655    0.31046664
T12            0.21918135    0.23259492    0.24625399    0.28102969    0.00000000    0.06736131    0.06736131    0.07156212    0.06932409    0.09653813    0.13449207    0.12952508    0.13684486    0.21446736    0.18429150    0.26826099    0.25661640    0.24948001    0.21214355    0.21241436    0.22597967    0.21214355    0.20700420    0.20044161
T4             0.22683956    0.25270874    0.26979843    0.30261735    0.06736131    0.00000000    0.07850716    0.08733293    0.08046445    0.10577266    0.13699428    0.13200238    0.13684486    0.22203441    0.20535408    0.28327386    0.27765439    0.26416795    0.21397628    0.21421701    0.22779008    0.21681316    0.20600458    0.20835059
T11            0.21352382    0.22203441    0.24430924    0.28224407    0.06736131    0.07850716    0.00000000    0.07170102    0.06498670    0.08973726    0.12981038    0.12486794    0.13214726    0.20880955    0.18968865    0.25358075    0.25967068    0.23744594    0.20418319    0.19883815    0.21214355    0.20700420    0.19909679    0.19811744
T2             0.17681905    0.21446736    0.23069306    0.25874305    0.07156212    0.08733293    0.07170102    0.00000000    0.01010182    0.04338958    0.11080049    0.10600082    0.11308246    0.19127278    0.16454053    0.23683880    0.23744594    0.21875741    0.19127278    0.19153522    0.20472306    0.19404677    0.18627389    0.17494589
T19            0.16628118    0.20600458    0.22203441    0.25270874    0.06932409    0.08046445    0.06498670    0.01010182    0.00000000    0.03697767    0.10361823    0.09888699    0.10588296    0.18304239    0.15671959    0.22515808    0.22280132    0.20444849    0.18304239    0.18328199    0.19630733    0.18577076    0.17808842    0.16697899
T6             0.20535408    0.23283428    0.24649508    0.28759740    0.09653813    0.10577266    0.08973726    0.04338958    0.03697767    0.00000000    0.12501013    0.12010418    0.12733303    0.22046675    0.19261583    0.25630591    0.26379598    0.24376333    0.21815395    0.21556446    0.22920195    0.22104876    0.21298438    0.19558234
T13            0.22465967    0.23283428    0.24404554    0.28507402    0.13449207    0.13699428    0.12981038    0.11080049    0.10361823    0.12501013    0.00000000    0.01209723    0.02234729    0.21472731    0.19261583    0.27103569    0.27172016    0.26455052    0.22627315    0.22075294    0.23448235    0.22627315    0.21298438    0.21472731
T21            0.22753744    0.22706215    0.24062108    0.27568141    0.12952508    0.13200238    0.12486794    0.10600082    0.09888699    0.12010418    0.01209723    0.00000000    0.01822316    0.20392720    0.18717437    0.26485142    0.26549706    0.26455052    0.22046675    0.21499683    0.22860757    0.22046675    0.21012279    0.20905330
T22            0.23018087    0.23259492    0.24920836    0.28475473    0.13684486    0.13684486    0.13214726    0.11308246    0.10588296    0.12733303    0.02234729    0.01822316    0.00000000    0.22019023    0.19240933    0.26761781    0.26209579    0.26416795    0.22597967    0.22046675    0.23418258    0.22597967    0.21556446    0.21163042
T9             0.18304239    0.25086602    0.26241445    0.30731208    0.21446736    0.22203441    0.20880955    0.19127278    0.18304239    0.22046675    0.21472731    0.20392720    0.22019023    0.00000000    0.11808791    0.20444849    0.20500689    0.16538222    0.18080198    0.17562445    0.18577076    0.17270528    0.16561384    0.17227606
T20            0.16982362    0.23334339    0.24458331    0.27318318    0.18429150    0.20535408    0.18968865    0.16454053    0.15671959    0.19261583    0.19261583    0.18717437    0.19240933    0.11808791    0.00000000    0.14662973    0.15467568    0.13280633    0.16230977    0.15988977    0.17248634    0.15708206    0.14750595    0.14901964
T1             0.22753744    0.29395890    0.30947989    0.35393173    0.26826099    0.28327386    0.25358075    0.23683880    0.22515808    0.25630591    0.27103569    0.26485142    0.26761781    0.20444849    0.14662973    0.00000000    0.11366933    0.12255111    0.23744594    0.23183724    0.23980231    0.23214808    0.22104876    0.23096417
T16            0.23980231    0.28444689    0.29650804    0.34005747    0.25661640    0.27765439    0.25967068    0.23744594    0.22280132    0.26379598    0.27172016    0.26549706    0.26209579    0.20500689    0.15467568    0.11366933    0.00000000    0.11550562    0.24714615    0.23843178    0.24644410    0.23878033    0.22166922    0.22860757
T15            0.21241436    0.27450352    0.29616322    0.34700072    0.24948001    0.26416795    0.23744594    0.21875741    0.20444849    0.24376333    0.26455052    0.26455052    0.26416795    0.16538222    0.13280633    0.12255111    0.11550562    0.00000000    0.21939893    0.20815345    0.22166922    0.20217775    0.20052700    0.20163541
T23            0.19683630    0.28610027    0.29825194    0.33175897    0.21214355    0.21397628    0.20418319    0.19127278    0.18304239    0.21815395    0.22627315    0.22046675    0.22597967    0.18080198    0.16230977    0.23744594    0.24714615    0.21939893    0.00000000    0.02442224    0.03067017    0.04973193    0.04327864    0.11985182
T14            0.18653873    0.28010301    0.28893791    0.32875980    0.21241436    0.21421701    0.19883815    0.19153522    0.18328199    0.21556446    0.22075294    0.21499683    0.22046675    0.17562445    0.15988977    0.23183724    0.23843178    0.20815345    0.02442224    0.00000000    0.01006775    0.04539218    0.04325499    0.11272239
T18            0.19180662    0.29252379    0.30151624    0.34209316    0.22597967    0.22779008    0.21214355    0.20472306    0.19630733    0.22920195    0.23448235    0.22860757    0.23418258    0.18577076    0.17248634    0.23980231    0.24644410    0.22166922    0.03067017    0.01006775    0.00000000    0.05182381    0.04966344    0.12448864
T8             0.19127278    0.27910336    0.29751921    0.33437442    0.21214355    0.21681316    0.20700420    0.19404677    0.18577076    0.22104876    0.22627315    0.22046675    0.22597967    0.17270528    0.15708206    0.23214808    0.23878033    0.20217775    0.04973193    0.04539218    0.05182381    0.00000000    0.03902247    0.11022958
T7             0.17808842    0.25270874    0.27039503    0.31904655    0.20700420    0.20600458    0.19909679    0.18627389    0.17808842    0.21298438    0.21298438    0.21012279    0.21556446    0.16561384    0.14750595    0.22104876    0.22166922    0.20052700    0.04327864    0.04325499    0.04966344    0.03902247    0.00000000    0.10330441
T10            0.17453716    0.27230943    0.28161411    0.31046664    0.20044161    0.20835059    0.19811744    0.17494589    0.16697899    0.19558234    0.21472731    0.20905330    0.21163042    0.17227606    0.14901964    0.23096417    0.22860757    0.20163541    0.11985182    0.11272239    0.12448864    0.11022958    0.10330441    0.00000000

