24
T21            0.00000000    0.45240892    0.42297961    0.40394226    0.40966187    0.42516160    0.40637333    0.42670425    0.41923151    0.37924436    0.37548742    0.36960414    0.37380835    0.34549744    0.41423446    0.40433310    0.40106222    0.40240550    0.41961685    0.39715735    0.41294569    0.39147150    0.09689901    0.10418044
T20            0.45240892    0.00000000    0.09891488    0.11340346    0.25204033    0.27585875    0.24699586    0.26166157    0.25583065    0.32099913    0.32440740    0.33292752    0.32396269    0.30102828    0.37607523    0.36919091    0.36493047    0.35763768    0.37233235    0.36977805    0.38282537    0.38446136    0.44544471    0.47456526
T19            0.42297961    0.09891488    0.00000000    0.07179696    0.22323022    0.24296715    0.22412756    0.24128943    0.23562956    0.27092363    0.27404245    0.27965124    0.27753209    0.25561776    0.32830861    0.32533435    0.32144446    0.31467423    0.32830861    0.32581654    0.33853880    0.33986255    0.41232452    0.43580992
T14            0.40394226    0.11340346    0.07179696    0.00000000    0.23529493    0.25546109    0.23333142    0.25080110    0.24504917    0.28070095    0.28389024    0.29203919    0.28993843    0.26814548    0.32631118    0.31555494    0.31174628    0.30508965    0.31849367    0.31262817    0.32192773    0.32311090    0.38603648    0.40451694
T7             0.40966187    0.25204033    0.22323022    0.23529493    0.00000000    0.05414352    0.04799962    0.05461421    0.05471624    0.26205083    0.26519049    0.26917513    0.28549028    0.25204033    0.30822540    0.31556356    0.31162308    0.30149923    0.31848925    0.31264961    0.32144446    0.31942238    0.39133647    0.40380830
T9             0.42516160    0.27585875    0.24296715    0.25546109    0.05414352    0.00000000    0.06755218    0.07895661    0.07908193    0.27030359    0.27347309    0.27194990    0.28185252    0.25408853    0.31453696    0.31064425    0.30681008    0.29685701    0.31355845    0.31453696    0.32693853    0.32486463    0.41440574    0.42749914
T23            0.40637333    0.24699586    0.22412756    0.23333142    0.04799962    0.06755218    0.00000000    0.02660866    0.02665514    0.25621074    0.25932090    0.26954034    0.27945551    0.24933734    0.31213039    0.30583025    0.30197153    0.29531301    0.30872088    0.30295111    0.31510847    0.31308727    0.39199802    0.40453201
T17            0.42670425    0.26166157    0.24128943    0.25080110    0.05461421    0.07895661    0.02660866    0.00000000    0.00401110    0.27196081    0.27517189    0.28549028    0.29577426    0.26479120    0.32953953    0.32305817    0.31902072    0.31213039    0.32600835    0.32011988    0.32879049    0.32681825    0.41184140    0.42494950
T18            0.41923151    0.25583065    0.23562956    0.24504917    0.05471624    0.07908193    0.02665514    0.00401110    0.00000000    0.26602120    0.26920143    0.27945551    0.28963251    0.25893097    0.32305817    0.31663813    0.31264961    0.30583025    0.31956426    0.31372371    0.32237231    0.32040013    0.40453201    0.41747017
T16            0.37924436    0.32099913    0.27092363    0.28070095    0.26205083    0.27030359    0.25621074    0.27196081    0.26602120    0.00000000    0.00200405    0.15216054    0.16768416    0.13001791    0.19532463    0.20290353    0.19977841    0.19977841    0.20830724    0.20036822    0.21228301    0.21026912    0.36073858    0.37233235
T10            0.37548742    0.32440740    0.27404245    0.28389024    0.26519049    0.27347309    0.25932090    0.27517189    0.26920143    0.00200405    0.00000000    0.14958383    0.16503155    0.13251682    0.19251371    0.20006870    0.19696783    0.19696783    0.20544793    0.19754141    0.20944065    0.20741831    0.35711905    0.36861757
T11            0.36960414    0.33292752    0.27965124    0.29203919    0.26917513    0.27194990    0.26954034    0.28549028    0.27945551    0.15216054    0.14958383    0.00000000    0.03070225    0.11770922    0.17772845    0.21026912    0.21284238    0.21284238    0.22151972    0.21056432    0.21460437    0.21255789    0.35971537    0.38883537
T12            0.37380835    0.32396269    0.27753209    0.28993843    0.28549028    0.28185252    0.27945551    0.29577426    0.28963251    0.16768416    0.16503155    0.03070225    0.00000000    0.11758339    0.18020497    0.22739033    0.23001544    0.23001544    0.23898076    0.22772775    0.22876876    0.22674502    0.35661395    0.38562431
T15            0.34549744    0.30102828    0.25561776    0.26814548    0.25204033    0.25408853    0.24933734    0.26479120    0.25893097    0.13001791    0.13251682    0.11770922    0.11758339    0.00000000    0.11528381    0.19222022    0.18915660    0.18915660    0.19754141    0.18417550    0.19365221    0.20231587    0.34549744    0.36385282
T13            0.41423446    0.37607523    0.32830861    0.32631118    0.30822540    0.31453696    0.31213039    0.32953953    0.32305817    0.19532463    0.19251371    0.17772845    0.18020497    0.11528381    0.00000000    0.24049690    0.24315601    0.24315601    0.25243030    0.24090100    0.23265028    0.25119293    0.40242816    0.42704694
T22            0.40433310    0.36919091    0.32533435    0.31555494    0.31556356    0.31064425    0.30583025    0.32305817    0.31663813    0.20290353    0.20006870    0.21026912    0.22739033    0.19222022    0.24049690    0.00000000    0.01824947    0.01414179    0.02239154    0.05443027    0.06716348    0.06722717    0.40041292    0.42106264
T1             0.40106222    0.36493047    0.32144446    0.31174628    0.31162308    0.30681008    0.30197153    0.31902072    0.31264961    0.19977841    0.19696783    0.21284238    0.23001544    0.18915660    0.24315601    0.01824947    0.00000000    0.01415554    0.02444645    0.05214863    0.06933597    0.06939766    0.39715735    0.41772666
T0             0.40240550    0.35763768    0.31467423    0.30508965    0.30149923    0.29685701    0.29531301    0.31213039    0.30583025    0.19977841    0.19696783    0.21284238    0.23001544    0.18915660    0.24315601    0.01414179    0.01415554    0.00000000    0.02029579    0.05214863    0.06722717    0.06729790    0.39715735    0.41772666
T3             0.41961685    0.37233235    0.32830861    0.31849367    0.31848925    0.31355845    0.30872088    0.32600835    0.31956426    0.20830724    0.20544793    0.22151972    0.23898076    0.19754141    0.25243030    0.02239154    0.02444645    0.02029579    0.00000000    0.06100704    0.07835412    0.07843662    0.41558504    0.43686546
T2             0.39715735    0.36977805    0.32581654    0.31262817    0.31264961    0.31453696    0.30295111    0.32011988    0.31372371    0.20036822    0.19754141    0.21056432    0.22772775    0.18417550    0.24090100    0.05443027    0.05214863    0.05214863    0.06100704    0.00000000    0.06277877    0.06283938    0.38183893    0.40567824
T5             0.41294569    0.38282537    0.33853880    0.32192773    0.32144446    0.32693853    0.31510847    0.32879049    0.32237231    0.21228301    0.20944065    0.21460437    0.22876876    0.19365221    0.23265028    0.06716348    0.06933597    0.06722717    0.07835412    0.06277877    0.00000000    0.03275101    0.40394226    0.42427185
T6             0.39147150    0.38446136    0.33986255    0.32311090    0.31942238    0.32486463    0.31308727    0.32681825    0.32040013    0.21026912    0.20741831    0.21255789    0.22674502    0.20231587    0.25119293    0.06722717    0.06939766    0.06729790    0.07843662    0.06283938    0.03275101    0.00000000    0.39033724    0.41026764
T8             0.09689901    0.44544471    0.41232452    0.38603648    0.39133647    0.41440574    0.39199802    0.41184140    0.40453201    0.36073858    0.35711905    0.35971537    0.35661395    0.34549744    0.40242816    0.40041292    0.39715735    0.39715735    0.41558504    0.38183893    0.40394226    0.39033724    0.00000000    0.02656857
T4             0.10418044    0.47456526    0.43580992    0.40451694    0.40380830    0.42749914    0.40453201    0.42494950    0.41747017    0.37233235    0.36861757    0.38883537    0.38562431    0.36385282    0.42704694    0.42106264    0.41772666    0.41772666    0.43686546    0.40567824    0.42427185    0.41026764    0.02656857    0.00000000

