24
T12            0.00000000    0.20753636    0.20442584    0.24140719    0.40172466    0.24556210    0.24250845    0.20903054    0.21470299    0.21160723    0.18279403    0.20416092    0.23211851    0.21009853    0.17291652    0.16779933    0.19603611    0.18824940    0.18528525    0.34186434    0.32789694    0.32789694    0.29652227    0.40707982
T16            0.20753636    0.00000000    0.03485803    0.13463393    0.28323085    0.13262018    0.13011829    0.15156162    0.15930001    0.17987438    0.15485817    0.17537292    0.21873055    0.19709245    0.15789349    0.15287968    0.18054343    0.17291652    0.17807112    0.32446544    0.31097103    0.31097103    0.29652227    0.38244122
T0             0.20442584    0.03485803    0.00000000    0.14202634    0.28758107    0.14001434    0.13748067    0.15653879    0.16433769    0.17966902    0.16250318    0.18326370    0.22424632    0.20527602    0.16559834    0.16052762    0.18302445    0.17268925    0.17783793    0.32315506    0.30979685    0.30979685    0.30186126    0.38184989
T6             0.24140719    0.13463393    0.14202634    0.00000000    0.19327065    0.10147689    0.09910591    0.17966902    0.18235980    0.20365896    0.19099966    0.20698116    0.24944539    0.22686073    0.16980849    0.16472393    0.19556257    0.18778535    0.19303699    0.36647696    0.35924075    0.35924075    0.34238688    0.42021612
T21            0.40172466    0.28323085    0.28758107    0.19327065    0.00000000    0.23415341    0.23121699    0.34293361    0.34644966    0.36647696    0.32743604    0.34085731    0.40105869    0.37670368    0.31138633    0.30515665    0.35714921    0.33434665    0.34438595    0.53852684    0.54827302    0.54827302    0.53563804    0.62842752
T18            0.24556210    0.13262018    0.14001434    0.10147689    0.23415341    0.00000000    0.00200403    0.18302445    0.18849485    0.21295928    0.19737916    0.20782789    0.24747714    0.23381757    0.18679223    0.18155814    0.20812867    0.19797955    0.20334791    0.36552355    0.35820713    0.35820713    0.34292209    0.42925962
T14            0.24250845    0.13011829    0.13748067    0.09910591    0.23121699    0.00200403    0.00000000    0.18031161    0.18575214    0.21009853    0.19457462    0.20498341    0.24443292    0.23082803    0.18403422    0.17882282    0.20527602    0.19515908    0.20050331    0.36185191    0.35458883    0.35458883    0.34292209    0.42513185
T2             0.20903054    0.15156162    0.15653879    0.17966902    0.34293361    0.18302445    0.18031161    0.00000000    0.03272721    0.04325415    0.15688397    0.17966902    0.21784104    0.19856790    0.15429783    0.15189681    0.18215604    0.17186669    0.17433068    0.32911245    0.31566442    0.31566442    0.30688104    0.38602085
T10            0.21470299    0.15930001    0.16433769    0.18235980    0.34644966    0.18849485    0.18575214    0.03272721    0.00000000    0.03910508    0.15912488    0.18235980    0.22072655    0.20135656    0.16209688    0.15967564    0.19029439    0.17987438    0.17699270    0.31643118    0.30979685    0.30979685    0.30765378    0.39088782
T15            0.21160723    0.17987438    0.17966902    0.20365896    0.36647696    0.21295928    0.21009853    0.04325415    0.03910508    0.00000000    0.17699270    0.19809728    0.24106004    0.22102194    0.17739775    0.17492985    0.20621836    0.19556257    0.19809728    0.32953543    0.32274288    0.32274288    0.31724663    0.39412131
T5             0.18279403    0.15485817    0.16250318    0.19099966    0.32743604    0.19737916    0.19457462    0.15688397    0.15912488    0.17699270    0.00000000    0.04969318    0.11501108    0.08717484    0.09005728    0.08551526    0.10826533    0.10851981    0.11079409    0.31056766    0.30397706    0.30397706    0.27691158    0.37926345
T1             0.20416092    0.17537292    0.18326370    0.20698116    0.34085731    0.20782789    0.20498341    0.17966902    0.18235980    0.19809728    0.04969318    0.00000000    0.13199368    0.10814942    0.11107532    0.10639314    0.12980172    0.12762891    0.13245166    0.32019477    0.31349343    0.31349343    0.29174171    0.38390013
T11            0.23211851    0.21873055    0.22424632    0.24944539    0.40105869    0.24747714    0.24443292    0.21784104    0.22072655    0.24106004    0.11501108    0.13199368    0.00000000    0.03488983    0.14512068    0.14020211    0.15688397    0.16514422    0.17024004    0.36441209    0.34999070    0.34999070    0.33483169    0.40367182
T4             0.21009853    0.19709245    0.20527602    0.22686073    0.37670368    0.23381757    0.23082803    0.19856790    0.20135656    0.22102194    0.08717484    0.10814942    0.03488983    0.00000000    0.11823514    0.11350410    0.12965528    0.13245166    0.14237469    0.35099663    0.33688136    0.33688136    0.30847398    0.38944476
T8             0.17291652    0.15789349    0.16559834    0.16980849    0.31138633    0.18679223    0.18403422    0.15429783    0.16209688    0.17739775    0.09005728    0.11107532    0.14512068    0.11823514    0.00000000    0.00805161    0.04120332    0.03701336    0.04124226    0.32061999    0.30726146    0.30726146    0.27691158    0.37067038
T9             0.16779933    0.15287968    0.16052762    0.16472393    0.30515665    0.18155814    0.17882282    0.15189681    0.15967564    0.17492985    0.08551526    0.10639314    0.14020211    0.11350410    0.00805161    0.00000000    0.03697703    0.03280908    0.03701336    0.31431051    0.30108482    0.30108482    0.27725663    0.36387650
T3             0.19603611    0.18054343    0.18302445    0.19556257    0.35714921    0.20812867    0.20527602    0.18215604    0.19029439    0.20621836    0.10826533    0.12980172    0.15688397    0.12965528    0.04120332    0.03697703    0.00000000    0.04120332    0.04545447    0.34644966    0.33253196    0.33253196    0.30435847    0.40241152
T7             0.18824940    0.17291652    0.17268925    0.18778535    0.33434665    0.19797955    0.19515908    0.17186669    0.17987438    0.19556257    0.10851981    0.12762891    0.16514422    0.13245166    0.03701336    0.03280908    0.04120332    0.00000000    0.01212520    0.31724663    0.30397706    0.30397706    0.28253402    0.36596857
T19            0.18528525    0.17807112    0.17783793    0.19303699    0.34438595    0.20334791    0.20050331    0.17433068    0.17699270    0.19809728    0.11079409    0.13245166    0.17024004    0.14237469    0.04124226    0.03701336    0.04545447    0.01212520    0.00000000    0.31683283    0.30360747    0.30360747    0.28854163    0.37644761
T23            0.34186434    0.32446544    0.32315506    0.36647696    0.53852684    0.36552355    0.36185191    0.32911245    0.31643118    0.32953543    0.31056766    0.32019477    0.36441209    0.35099663    0.32061999    0.31431051    0.34644966    0.31724663    0.31683283    0.00000000    0.02034105    0.02034105    0.12437070    0.21113289
T20            0.32789694    0.31097103    0.30979685    0.35924075    0.54827302    0.35820713    0.35458883    0.31566442    0.30979685    0.32274288    0.30397706    0.31349343    0.34999070    0.33688136    0.30726146    0.30108482    0.33253196    0.30397706    0.30360747    0.02034105    0.00000000    0.00000000    0.11952536    0.20276726
T13            0.32789694    0.31097103    0.30979685    0.35924075    0.54827302    0.35820713    0.35458883    0.31566442    0.30979685    0.32274288    0.30397706    0.31349343    0.34999070    0.33688136    0.30726146    0.30108482    0.33253196    0.30397706    0.30360747    0.02034105    0.00000000    0.00000000    0.11952536    0.20276726
T17            0.29652227    0.29652227    0.30186126    0.34238688    0.53563804    0.34292209    0.34292209    0.30688104    0.30765378    0.31724663    0.27691158    0.29174171    0.33483169    0.30847398    0.27691158    0.27725663    0.30435847    0.28253402    0.28854163    0.12437070    0.11952536    0.11952536    0.00000000    0.18235980
T22            0.40707982    0.38244122    0.38184989    0.42021612    0.62842752    0.42925962    0.42513185    0.38602085    0.39088782    0.39412131    0.37926345    0.38390013    0.40367182    0.38944476    0.37067038    0.36387650    0.40241152    0.36596857    0.37644761    0.21113289    0.20276726    0.20276726    0.18235980    0.00000000

