24
T22            0.00000000    0.23040556    0.29488100    0.18322349    0.20411530    0.16754490    0.20493012    0.19299998    0.19048316    0.20156768    0.20464930    0.19624274    0.19624274    0.19277773    0.20294281    0.24837809    0.26918718    0.14095115    0.18693891    0.17148504    0.18443193    0.18424998    0.18910763    0.12183787
T0             0.23040556    0.00000000    0.18732641    0.09921664    0.11777953    0.09948245    0.13529298    0.15306710    0.15068291    0.16121281    0.15568568    0.15831805    0.16362480    0.15243339    0.15945757    0.22222989    0.23867272    0.23301138    0.28670978    0.27586564    0.27269946    0.27308615    0.28709250    0.22561753
T18            0.29488100    0.18732641    0.00000000    0.16640746    0.18945496    0.16713145    0.21181387    0.22881457    0.22618812    0.23799302    0.24065441    0.24600722    0.24300289    0.24332579    0.25108101    0.29398351    0.31800004    0.30158505    0.35997844    0.34107969    0.33764128    0.33804384    0.35418757    0.30574033
T23            0.18322349    0.09921664    0.16640746    0.00000000    0.04554203    0.06999416    0.09710672    0.12331732    0.12101622    0.13101899    0.12870052    0.13081926    0.13081926    0.12562604    0.13243152    0.18425933    0.20837758    0.19451459    0.24478121    0.22561753    0.22272625    0.22299827    0.24450031    0.18732641
T7             0.20411530    0.11777953    0.18945496    0.04554203    0.00000000    0.08319013    0.11319626    0.13745786    0.13511172    0.14529276    0.13277347    0.13493837    0.13999012    0.14490229    0.15187358    0.20522013    0.23303660    0.21847351    0.27683970    0.25683513    0.25989462    0.26023172    0.27650949    0.20273640
T14            0.16754490    0.09948245    0.16713145    0.06999416    0.08319013    0.00000000    0.08562301    0.10412007    0.10186953    0.11153362    0.12368669    0.12119853    0.12368669    0.11120987    0.11791766    0.16096438    0.18923555    0.17875648    0.23353411    0.20898801    0.21465582    0.21492227    0.22746841    0.16640746
T11            0.20493012    0.13529298    0.21181387    0.09710672    0.11319626    0.08562301    0.00000000    0.12513408    0.12282066    0.13782526    0.14017630    0.14529276    0.14529276    0.13999012    0.14692241    0.20267728    0.21577851    0.21066491    0.27160405    0.24869878    0.25173045    0.25207063    0.26815352    0.20338381
T3             0.19299998    0.15306710    0.22881457    0.12331732    0.13745786    0.10412007    0.12513408    0.00000000    0.00200302    0.01824801    0.12252811    0.11522733    0.11522733    0.11031346    0.11951736    0.16998720    0.19575570    0.18865594    0.24348004    0.21066491    0.21911862    0.21368550    0.23455207    0.17846621
T21            0.19048316    0.15068291    0.22618812    0.12101622    0.13511172    0.10186953    0.12282066    0.00200302    0.00000000    0.01620799    0.12021903    0.11293598    0.11293598    0.10803174    0.11720472    0.16754490    0.19323131    0.18612987    0.24078590    0.20808137    0.21651133    0.21109583    0.23188125    0.17597459
T2             0.20156768    0.16121281    0.23799302    0.13101899    0.14529276    0.11153362    0.13782526    0.01824801    0.01620799    0.00000000    0.13009799    0.12267051    0.12267051    0.11522733    0.12447002    0.17827248    0.20156768    0.19417503    0.24963905    0.21651133    0.22508602    0.21959757    0.24055499    0.18658778
T10            0.20464930    0.15568568    0.24065441    0.12870052    0.13277347    0.12368669    0.14017630    0.12252811    0.12021903    0.13009799    0.00000000    0.07832892    0.07380350    0.11995399    0.12458712    0.18298644    0.20693322    0.19672274    0.25894672    0.24537379    0.25140057    0.24869878    0.25925209    0.19763196
T13            0.19624274    0.15831805    0.24600722    0.13081926    0.13493837    0.12119853    0.14529276    0.11522733    0.11293598    0.12267051    0.07832892    0.00000000    0.01620799    0.11995399    0.12925173    0.18346933    0.20411530    0.19133042    0.24747772    0.21959757    0.22299827    0.21751402    0.24127871    0.18443193
T15            0.19624274    0.16362480    0.24300289    0.13081926    0.13999012    0.12368669    0.14529276    0.11522733    0.11293598    0.12267051    0.07380350    0.01620799    0.00000000    0.12239348    0.13171526    0.18346933    0.20411530    0.19401930    0.24747772    0.21959757    0.22824654    0.22272625    0.23834504    0.18443193
T16            0.19277773    0.15243339    0.24332579    0.12562604    0.14490229    0.11120987    0.13999012    0.11031346    0.10803174    0.11522733    0.11995399    0.11995399    0.12239348    0.00000000    0.00804860    0.14392569    0.17101828    0.20169723    0.24325096    0.22987387    0.23859824    0.23301138    0.25185934    0.19163669
T20            0.20294281    0.15945757    0.25108101    0.13243152    0.15187358    0.11791766    0.14692241    0.11951736    0.11720472    0.12447002    0.12458712    0.12925173    0.13171526    0.00804860    0.00000000    0.15351713    0.18096688    0.20932915    0.25414020    0.24055499    0.24642232    0.24371954    0.26286174    0.20184653
T9             0.24837809    0.22222989    0.29398351    0.18425933    0.20522013    0.16096438    0.20267728    0.16998720    0.16754490    0.17827248    0.18298644    0.18346933    0.18346933    0.14392569    0.15351713    0.00000000    0.23061754    0.25836790    0.29384473    0.28597802    0.28280186    0.27683970    0.30250249    0.24422972
T1             0.26918718    0.23867272    0.31800004    0.20837758    0.23303660    0.18923555    0.21577851    0.19575570    0.19323131    0.20156768    0.20693322    0.20411530    0.20411530    0.17101828    0.18096688    0.23061754    0.00000000    0.27502527    0.32522690    0.30063350    0.31047506    0.30756083    0.31558174    0.26415771
T19            0.14095115    0.23301138    0.30158505    0.19451459    0.21847351    0.17875648    0.21066491    0.18865594    0.18612987    0.19417503    0.19672274    0.19133042    0.19401930    0.20169723    0.20932915    0.25836790    0.27502527    0.00000000    0.11522733    0.09418844    0.10575760    0.10565606    0.11233911    0.08028588
T6             0.18693891    0.28670978    0.35997844    0.24478121    0.27683970    0.23353411    0.27160405    0.24348004    0.24078590    0.24963905    0.25894672    0.24747772    0.24747772    0.24325096    0.25414020    0.29384473    0.32522690    0.11522733    0.00000000    0.12513408    0.13728608    0.13712229    0.15154176    0.13227237
T4             0.17148504    0.27586564    0.34107969    0.22561753    0.25683513    0.20898801    0.24869878    0.21066491    0.20808137    0.21651133    0.24537379    0.21959757    0.21959757    0.22987387    0.24055499    0.28597802    0.30063350    0.09418844    0.12513408    0.00000000    0.01007282    0.01006772    0.05390000    0.12036314
T12            0.18443193    0.27269946    0.33764128    0.22272625    0.25989462    0.21465582    0.25173045    0.21911862    0.21651133    0.22508602    0.25140057    0.22299827    0.22824654    0.23859824    0.24642232    0.28280186    0.31047506    0.10575760    0.13728608    0.01007282    0.00000000    0.00401106    0.06474295    0.13243152
T8             0.18424998    0.27308615    0.33804384    0.22299827    0.26023172    0.21492227    0.25207063    0.21368550    0.21109583    0.21959757    0.24869878    0.21751402    0.22272625    0.23301138    0.24371954    0.27683970    0.30756083    0.10565606    0.13712229    0.01006772    0.00401106    0.00000000    0.06472788    0.13227237
T5             0.18910763    0.28709250    0.35418757    0.24450031    0.27650949    0.22746841    0.26815352    0.23455207    0.23188125    0.24055499    0.25925209    0.24127871    0.23834504    0.25185934    0.26286174    0.30250249    0.31558174    0.11233911    0.15154176    0.05390000    0.06474295    0.06472788    0.00000000    0.13654748
T17            0.12183787    0.22561753    0.30574033    0.18732641    0.20273640    0.16640746    0.20338381    0.17846621    0.17597459    0.18658778    0.19763196    0.18443193    0.18443193    0.19163669    0.20184653    0.24422972    0.26415771    0.08028588    0.13227237    0.12036314    0.13243152    0.13227237    0.13654748    0.00000000

