24
T20            0.00000000    0.42291570    0.39557444    0.40532516    0.41145154    0.40416625    0.42116153    0.42531173    0.41258904    0.40999860    0.41785191    0.40991392    0.25406463    0.27958565    0.25168378    0.26831425    0.23935030    0.24542998    0.25237446    0.23563713    0.26567194    0.22676040    0.28815591    0.21316719
T13            0.42291570    0.00000000    0.05852439    0.06288622    0.04554064    0.04128462    0.04987913    0.05206257    0.08782599    0.07630441    0.10555378    0.10555378    0.26674105    0.32177009    0.27703172    0.27661351    0.29664433    0.28348414    0.36159387    0.35541908    0.38308346    0.36641012    0.40344996    0.34163500
T23            0.39557444    0.05852439    0.00000000    0.04116881    0.03701103    0.03280716    0.04343519    0.04559505    0.08981968    0.08538975    0.11020671    0.11020671    0.24865319    0.29635780    0.25852897    0.27066153    0.29049219    0.28068682    0.33714154    0.33114376    0.36164214    0.34518159    0.37957414    0.32816337
T17            0.40532516    0.06288622    0.04116881    0.00000000    0.04123948    0.03701103    0.04770518    0.04987913    0.09226332    0.09461082    0.11729389    0.11729389    0.27226840    0.32519518    0.28261705    0.29194145    0.30572617    0.29901384    0.35332559    0.34366839    0.36385288    0.35434636    0.40072878    0.34063850
T3             0.41145154    0.04554064    0.03701103    0.04123948    0.00000000    0.00401104    0.02241912    0.02450682    0.08078129    0.07640087    0.10093078    0.10093078    0.25473284    0.30626022    0.26476020    0.27703172    0.28720232    0.27746064    0.35127861    0.34163500    0.37619057    0.35235115    0.40274806    0.33510881
T16            0.40416625    0.04128462    0.03280716    0.03701103    0.00401104    0.00000000    0.01829779    0.02037250    0.07630441    0.07194831    0.09633731    0.09633731    0.24898421    0.30006207    0.25890862    0.27107009    0.28113687    0.27148920    0.34466451    0.33510881    0.36936599    0.34571132    0.39557444    0.32864390
T10            0.42116153    0.04987913    0.04343519    0.04770518    0.02241912    0.01829779    0.00000000    0.00200401    0.08771001    0.08329773    0.10802332    0.10802332    0.26088735    0.31297252    0.27107009    0.27703172    0.28720232    0.28393395    0.35597487    0.34625369    0.38099529    0.35712524    0.40816698    0.33966471
T5             0.42531173    0.05206257    0.04559505    0.04987913    0.02450682    0.02037250    0.00200401    0.00000000    0.09004108    0.08561799    0.11041003    0.11041003    0.26399325    0.31636278    0.27425515    0.28024752    0.28393395    0.28068682    0.35962505    0.34985133    0.38475527    0.36080227    0.40416625    0.34322393
T18            0.41258904    0.08782599    0.08981968    0.09226332    0.08078129    0.07630441    0.08771001    0.09004108    0.00000000    0.07849290    0.10093078    0.10093078    0.26018147    0.32131311    0.27661351    0.28585366    0.30187672    0.29194145    0.38099529    0.35742710    0.39273413    0.36105080    0.41993175    0.34720243
T15            0.40999860    0.07630441    0.08538975    0.09461082    0.07640087    0.07194831    0.08329773    0.08561799    0.07849290    0.00000000    0.06266308    0.06266308    0.26326819    0.31792287    0.26711857    0.28585366    0.30049375    0.29049219    0.36470097    0.35127861    0.38628614    0.36215012    0.39360394    0.33413645
T9             0.41785191    0.10555378    0.11020671    0.11729389    0.10093078    0.09633731    0.10802332    0.11041003    0.10093078    0.06266308    0.00000000    0.00806471    0.27054994    0.32553727    0.28703060    0.29391890    0.31441714    0.30428041    0.38255425    0.36260829    0.39819852    0.36988214    0.41189805    0.34976639
T14            0.40991392    0.10555378    0.11020671    0.11729389    0.10093078    0.09633731    0.10802332    0.11041003    0.10093078    0.06266308    0.00806471    0.00000000    0.26439547    0.31882502    0.27433023    0.28742460    0.30763653    0.29763502    0.38255425    0.36260829    0.40580432    0.36988214    0.40399142    0.34272313
T4             0.25406463    0.26674105    0.24865319    0.27226840    0.25473284    0.24898421    0.26088735    0.26399325    0.26018147    0.26326819    0.27054994    0.26439547    0.00000000    0.07598858    0.04994298    0.06743350    0.13210883    0.13710909    0.23248649    0.20507455    0.24028727    0.19957966    0.26362547    0.19195168
T19            0.27958565    0.32177009    0.29635780    0.32519518    0.30626022    0.30006207    0.31297252    0.31636278    0.32131311    0.31792287    0.32553727    0.31882502    0.07598858    0.00000000    0.08971976    0.11547486    0.18500697    0.18500697    0.25728444    0.22897975    0.25938425    0.22331360    0.29595473    0.22673890
T0             0.25168378    0.27703172    0.25852897    0.28261705    0.26476020    0.25890862    0.27107009    0.27425515    0.27661351    0.26711857    0.28703060    0.27433023    0.04994298    0.08971976    0.00000000    0.06988223    0.13997651    0.13997651    0.24715142    0.21908198    0.25503871    0.21908198    0.27066153    0.20057529
T6             0.26831425    0.27661351    0.27066153    0.29194145    0.27703172    0.27107009    0.27703172    0.28024752    0.28585366    0.28585366    0.29391890    0.28742460    0.06743350    0.11547486    0.06988223    0.00000000    0.16531279    0.16797253    0.26501233    0.23615078    0.27302511    0.23615078    0.27026355    0.22007977
T2             0.23935030    0.29664433    0.29049219    0.30572617    0.28720232    0.28113687    0.28720232    0.28393395    0.30187672    0.30049375    0.31441714    0.30763653    0.13210883    0.18500697    0.13997651    0.16531279    0.00000000    0.03307015    0.22938363    0.21316719    0.24833236    0.21894807    0.25658317    0.19144219
T12            0.24542998    0.28348414    0.28068682    0.29901384    0.27746064    0.27148920    0.28393395    0.28068682    0.29194145    0.29049219    0.30428041    0.29763502    0.13710909    0.18500697    0.13997651    0.16797253    0.03307015    0.00000000    0.23530136    0.21316719    0.24234376    0.21894807    0.25658317    0.19144219
T11            0.25237446    0.36159387    0.33714154    0.35332559    0.35127861    0.34466451    0.35597487    0.35962505    0.38099529    0.36470097    0.38255425    0.38255425    0.23248649    0.25728444    0.24715142    0.26501233    0.22938363    0.23530136    0.00000000    0.04128462    0.07832462    0.06098118    0.20080228    0.13889757
T7             0.23563713    0.35541908    0.33114376    0.34366839    0.34163500    0.33510881    0.34625369    0.34985133    0.35742710    0.35127861    0.36260829    0.36260829    0.20507455    0.22897975    0.21908198    0.23615078    0.21316719    0.21316719    0.04128462    0.00000000    0.06055337    0.03937011    0.19068987    0.11488996
T22            0.26567194    0.38308346    0.36164214    0.36385288    0.37619057    0.36936599    0.38099529    0.38475527    0.39273413    0.38628614    0.39819852    0.40580432    0.24028727    0.25938425    0.25503871    0.27302511    0.24833236    0.24234376    0.07832462    0.06055337    0.00000000    0.07621493    0.21624892    0.14571610
T8             0.22676040    0.36641012    0.34518159    0.35434636    0.35235115    0.34571132    0.35712524    0.36080227    0.36105080    0.36215012    0.36988214    0.36988214    0.19957966    0.22331360    0.21908198    0.23615078    0.21894807    0.21894807    0.06098118    0.03937011    0.07621493    0.00000000    0.18522499    0.11011650
T21            0.28815591    0.40344996    0.37957414    0.40072878    0.40274806    0.39557444    0.40816698    0.40416625    0.41993175    0.39360394    0.41189805    0.40399142    0.26362547    0.29595473    0.27066153    0.27026355    0.25658317    0.25658317    0.20080228    0.19068987    0.21624892    0.18522499    0.00000000    0.11077189
T1             0.21316719    0.34163500    0.32816337    0.34063850    0.33510881    0.32864390    0.33966471    0.34322393    0.34720243    0.33413645    0.34976639    0.34272313    0.19195168    0.22673890    0.20057529    0.22007977    0.19144219    0.19144219    0.13889757    0.11488996    0.14571610    0.11011650    0.11077189    0.00000000

