24
T7             0.00000000    0.24504628    0.24504628    0.21894754    0.21316681    0.22970151    0.20834576    0.28500911    0.30006214    0.29310067    0.27154940    0.26750616    0.25040891    0.23972331    0.25427794    0.26283277    0.25118174    0.24200656    0.24200656    0.28500911    0.28500911    0.27148819    0.23863086    0.17777921
T15            0.24504628    0.00000000    0.00401609    0.08289103    0.07621493    0.12512320    0.10411242    0.18522523    0.19045724    0.19572825    0.19297330    0.17309226    0.15762558    0.17041118    0.20072495    0.21668495    0.19729721    0.17849796    0.18122289    0.20973544    0.20973544    0.18671771    0.16003520    0.26637431
T18            0.24504628    0.00401609    0.00000000    0.08749945    0.08078126    0.12759853    0.10893186    0.19069000    0.19320462    0.20128412    0.19849847    0.17849796    0.16288900    0.17578780    0.20643962    0.22253332    0.20294728    0.18396275    0.18671771    0.21545009    0.21545009    0.19227360    0.16531251    0.26637431
T16            0.21894754    0.08289103    0.08749945    0.00000000    0.00602414    0.10813084    0.08528624    0.17181906    0.18459833    0.19023345    0.18440722    0.18072031    0.15241700    0.14946491    0.19449594    0.20518956    0.19171027    0.15982835    0.16774439    0.19253781    0.19253781    0.18618509    0.14674206    0.24205192
T6             0.21316681    0.07621493    0.08078126    0.00602414    0.00000000    0.10122482    0.07858752    0.16429303    0.17694234    0.18251508    0.17675500    0.17309226    0.14507862    0.14215988    0.18671771    0.19729721    0.18396275    0.16025036    0.16288900    0.18479838    0.18479838    0.17849796    0.13946603    0.23377059
T1             0.22970151    0.12512320    0.12759853    0.10813084    0.10122482    0.00000000    0.07640078    0.17694234    0.18479838    0.20057600    0.19233371    0.18319955    0.15741730    0.16224772    0.20548846    0.22219353    0.19701324    0.17554692    0.17285863    0.20569061    0.20569061    0.19093171    0.14153433    0.24833288
T9             0.20834576    0.10411242    0.10893186    0.08528624    0.07858752    0.07640078    0.00000000    0.16224772    0.17487584    0.17777921    0.16448002    0.15784211    0.13800716    0.13509890    0.18204146    0.20104371    0.17656169    0.15829980    0.15566811    0.17694234    0.17694234    0.16797220    0.12251769    0.22353515
T4             0.28500911    0.18522523    0.19069000    0.17181906    0.16429303    0.17694234    0.16224772    0.00000000    0.02859658    0.13158348    0.12424820    0.19023345    0.16955643    0.21488894    0.26125565    0.26362556    0.24898430    0.22296224    0.23170929    0.26469998    0.26469998    0.24532970    0.20335391    0.31251455
T19            0.30006214    0.19045724    0.19320462    0.18459833    0.17694234    0.18479838    0.17487584    0.02859658    0.00000000    0.14365069    0.13618766    0.20614735    0.18500736    0.22558057    0.27580920    0.27504853    0.26949953    0.23671194    0.24564126    0.27678247    0.27678247    0.26326851    0.21436560    0.32816377
T5             0.29310067    0.19572825    0.20128412    0.19023345    0.18251508    0.20057600    0.17777921    0.13158348    0.14365069    0.00000000    0.03483135    0.20080283    0.18251508    0.22296224    0.25202402    0.26052937    0.25508232    0.23170929    0.23170929    0.26164168    0.26164168    0.24295977    0.21462253    0.30830054
T17            0.27154940    0.19297330    0.19849847    0.18440722    0.17675500    0.19233371    0.16448002    0.12424820    0.13618766    0.03483135    0.00000000    0.19253781    0.16394460    0.21436560    0.24361532    0.25439393    0.24898430    0.22296224    0.22877657    0.25504090    0.25504090    0.23937691    0.20614735    0.29518407
T0             0.26750616    0.17309226    0.17849796    0.18072031    0.17309226    0.18319955    0.15784211    0.19023345    0.20614735    0.20080283    0.19253781    0.00000000    0.05875384    0.20518956    0.24276303    0.25118174    0.22548336    0.21668495    0.22253332    0.25374685    0.25374685    0.23828634    0.20207477    0.31441615
T10            0.25040891    0.15762558    0.16288900    0.15241700    0.14507862    0.15741730    0.13800716    0.16955643    0.18500736    0.18251508    0.16394460    0.05875384    0.00000000    0.17578780    0.22919392    0.23443939    0.21222036    0.19507487    0.20072495    0.22530990    0.22530990    0.21894754    0.18369964    0.28867259
T20            0.23972331    0.17041118    0.17578780    0.14946491    0.14215988    0.16224772    0.13509890    0.21488894    0.22558057    0.22296224    0.21436560    0.20518956    0.17578780    0.00000000    0.12348712    0.12810869    0.11820708    0.09920983    0.09920983    0.19621517    0.19621517    0.18728520    0.15044592    0.26556786
T12            0.25427794    0.20072495    0.20643962    0.19449594    0.18671771    0.20548846    0.18204146    0.26125565    0.27580920    0.25202402    0.24361532    0.24276303    0.22919392    0.12348712    0.00000000    0.02862756    0.02862756    0.07226841    0.06772284    0.23002920    0.23002920    0.22997483    0.17929407    0.28304439
T11            0.26283277    0.21668495    0.22253332    0.20518956    0.19729721    0.22219353    0.20104371    0.26362556    0.27504853    0.26052937    0.25439393    0.25118174    0.23443939    0.12810869    0.02862756    0.00000000    0.04128460    0.08587415    0.08122285    0.24128953    0.24128953    0.24748991    0.18977503    0.29854211
T2             0.25118174    0.19729721    0.20294728    0.19171027    0.18396275    0.19701324    0.17656169    0.24898430    0.26949953    0.25508232    0.24898430    0.22548336    0.21222036    0.11820708    0.02862756    0.04128460    0.00000000    0.06752310    0.06303869    0.21833209    0.21833209    0.22101878    0.16577911    0.28955965
T14            0.24200656    0.17849796    0.18396275    0.15982835    0.16025036    0.17554692    0.15829980    0.22296224    0.23671194    0.23170929    0.22296224    0.21668495    0.19507487    0.09920983    0.07226841    0.08587415    0.06752310    0.00000000    0.04139432    0.21258460    0.21258460    0.21222036    0.16311942    0.27026321
T3             0.24200656    0.18122289    0.18671771    0.16774439    0.16288900    0.17285863    0.15566811    0.23170929    0.24564126    0.23170929    0.22877657    0.22253332    0.20072495    0.09920983    0.06772284    0.08122285    0.06303869    0.04139432    0.00000000    0.20128412    0.20128412    0.20643962    0.16047380    0.26711833
T21            0.28500911    0.20973544    0.21545009    0.19253781    0.18479838    0.20569061    0.17694234    0.26469998    0.27678247    0.26164168    0.25504090    0.25374685    0.22530990    0.19621517    0.23002920    0.24128953    0.21833209    0.21258460    0.20128412    0.00000000    0.00000000    0.11576202    0.13695339    0.31080092
T23            0.28500911    0.20973544    0.21545009    0.19253781    0.18479838    0.20569061    0.17694234    0.26469998    0.27678247    0.26164168    0.25504090    0.25374685    0.22530990    0.19621517    0.23002920    0.24128953    0.21833209    0.21258460    0.20128412    0.00000000    0.00000000    0.11576202    0.13695339    0.31080092
T13            0.27148819    0.18671771    0.19227360    0.18618509    0.17849796    0.19093171    0.16797220    0.24532970    0.26326851    0.24295977    0.23937691    0.23828634    0.21894754    0.18728520    0.22997483    0.24748991    0.22101878    0.21222036    0.20643962    0.11576202    0.11576202    0.00000000    0.11591692    0.29434493
T22            0.23863086    0.16003520    0.16531251    0.14674206    0.13946603    0.14153433    0.12251769    0.20335391    0.21436560    0.21462253    0.20614735    0.20207477    0.18369964    0.15044592    0.17929407    0.18977503    0.16577911    0.16311942    0.16047380    0.13695339    0.13695339    0.11591692    0.00000000    0.26437113
T8             0.17777921    0.26637431    0.26637431    0.24205192    0.23377059    0.24833288    0.22353515    0.31251455    0.32816377    0.30830054    0.29518407    0.31441615    0.28867259    0.26556786    0.28304439    0.29854211    0.28955965    0.27026321    0.26711833    0.31080092    0.31080092    0.29434493    0.26437113    0.00000000

