24
T23            0.00000000    0.24634404    0.25549668    0.26563165    0.25549668    0.23534733    0.23833428    0.23868011    0.36226245    0.36537094    0.29672499    0.28355536    0.28636425    0.16388649    0.15592522    0.15881502    0.21192040    0.18151681    0.20583503    0.20870201    0.18179064    0.16998940    0.17758108    0.15263958
T4             0.24634404    0.00000000    0.07380321    0.07412740    0.13964295    0.12267160    0.14235262    0.14509631    0.24972877    0.25242712    0.18596026    0.16490084    0.16776759    0.20338344    0.20338344    0.21492456    0.25077195    0.22534699    0.24269215    0.24507264    0.22561869    0.22459066    0.22699429    0.25821468
T15            0.25549668    0.07380321    0.00000000    0.10427033    0.17265720    0.15483216    0.17020814    0.17311757    0.27155469    0.27432132    0.21867542    0.19650355    0.20183504    0.21985184    0.21985184    0.23175152    0.27474278    0.24238835    0.25108237    0.25348577    0.25173419    0.25348577    0.26199542    0.28918407
T1             0.26563165    0.07412740    0.10427033    0.00000000    0.14985098    0.13511398    0.15307134    0.15592522    0.25278894    0.25858524    0.19425182    0.16490084    0.17533933    0.20386365    0.20386365    0.22127149    0.26058370    0.22590015    0.24634404    0.24568800    0.23502030    0.23675385    0.23913439    0.27475206
T18            0.25549668    0.13964295    0.17265720    0.14985098    0.00000000    0.06296222    0.06952041    0.07185942    0.22534699    0.22797679    0.16977920    0.15927605    0.15910203    0.21807661    0.21520146    0.22712297    0.26058370    0.24972877    0.25858524    0.26094303    0.25549668    0.25478496    0.25716534    0.26443028
T10            0.23534733    0.12267160    0.15483216    0.13511398    0.06296222    0.00000000    0.05419107    0.05646100    0.21699321    0.22534699    0.16733577    0.14948166    0.14421850    0.19852826    0.20131514    0.21867542    0.25173419    0.23799834    0.24972877    0.25207553    0.23534733    0.23470313    0.23175152    0.25009138
T3             0.23833428    0.14235262    0.17020814    0.15307134    0.06952041    0.05419107    0.00000000    0.00602720    0.22508506    0.22771630    0.18074723    0.16247433    0.15704420    0.21262090    0.20977037    0.22745280    0.26405078    0.24400824    0.25896614    0.25513567    0.23534733    0.24065923    0.24300607    0.25935737
T20            0.23868011    0.14509631    0.17311757    0.15592522    0.07185942    0.05646100    0.00602720    0.00000000    0.22824713    0.23088536    0.18372863    0.16533548    0.15984860    0.21290841    0.21004970    0.22779224    0.26443028    0.24436236    0.25624955    0.25242712    0.23568418    0.24099424    0.24333007    0.25975890
T8             0.36226245    0.24972877    0.27155469    0.25278894    0.22534699    0.21699321    0.22508506    0.22824713    0.00000000    0.01414109    0.16902449    0.15635826    0.15138715    0.31673520    0.31339922    0.32390851    0.34891723    0.35342609    0.36115915    0.36999221    0.35035693    0.35553700    0.36534320    0.37534929
T12            0.36537094    0.25242712    0.27432132    0.25858524    0.22797679    0.22534699    0.22771630    0.23088536    0.01414109    0.00000000    0.17148311    0.15364946    0.15379330    0.32644594    0.32305330    0.33375790    0.35911175    0.35650829    0.36426735    0.37314084    0.35342609    0.35863319    0.36847918    0.37593563
T9             0.29672499    0.18596026    0.21867542    0.19425182    0.16977920    0.16733577    0.18074723    0.18372863    0.16902449    0.17148311    0.00000000    0.06067154    0.06282290    0.25975890    0.25975890    0.27935754    0.30436021    0.29624117    0.29909362    0.30148500    0.29339987    0.29157555    0.29727152    0.30631746
T11            0.28355536    0.16490084    0.19650355    0.16490084    0.15927605    0.14948166    0.16247433    0.16533548    0.15635826    0.15364946    0.06067154    0.00000000    0.05206478    0.24366414    0.24366414    0.26248465    0.29114734    0.27432132    0.28918407    0.29157555    0.28355536    0.28507687    0.29073033    0.29957739
T5             0.28636425    0.16776759    0.20183504    0.17533933    0.15910203    0.14421850    0.15704420    0.15984860    0.15138715    0.15379330    0.06282290    0.05206478    0.00000000    0.24033419    0.24033419    0.25896614    0.29399021    0.27946741    0.27905912    0.28146224    0.27988655    0.27827519    0.28388878    0.29339987
T2             0.16388649    0.20338344    0.21985184    0.20386365    0.21807661    0.19852826    0.21262090    0.21290841    0.31673520    0.32644594    0.25975890    0.24366414    0.24033419    0.00000000    0.00804437    0.03289436    0.11752610    0.08954695    0.14437782    0.14437782    0.16027212    0.15463822    0.16207048    0.16580373
T14            0.15592522    0.20338344    0.21985184    0.20386365    0.21520146    0.20131514    0.20977037    0.21004970    0.31339922    0.32305330    0.25975890    0.24366414    0.24033419    0.00804437    0.00000000    0.02866566    0.11270559    0.08494840    0.13932563    0.13932563    0.15503436    0.14948166    0.15686013    0.16049634
T16            0.15881502    0.21492456    0.23175152    0.22127149    0.22712297    0.21867542    0.22745280    0.22779224    0.32390851    0.33375790    0.27935754    0.26248465    0.25896614    0.03289436    0.02866566    0.00000000    0.11522736    0.08502345    0.13948026    0.13948026    0.15786366    0.14966223    0.15704420    0.16605040
T22            0.21192040    0.25077195    0.27474278    0.26058370    0.26058370    0.25173419    0.26405078    0.26443028    0.34891723    0.35911175    0.30436021    0.29114734    0.29399021    0.11752610    0.11270559    0.11522736    0.00000000    0.10586688    0.18547855    0.18503231    0.20210872    0.20667405    0.21465714    0.20748779
T19            0.18151681    0.22534699    0.24238835    0.22590015    0.24972877    0.23799834    0.24400824    0.24436236    0.35342609    0.35650829    0.29624117    0.27432132    0.27946741    0.08954695    0.08494840    0.08502345    0.10586688    0.00000000    0.15927605    0.16152807    0.17020814    0.17203113    0.17963913    0.17803596
T6             0.20583503    0.24269215    0.25108237    0.24634404    0.25858524    0.24972877    0.25896614    0.25624955    0.36115915    0.36426735    0.29909362    0.28918407    0.27905912    0.14437782    0.13932563    0.13948026    0.18547855    0.15927605    0.00000000    0.03272661    0.18399268    0.18027769    0.18797702    0.19481503
T21            0.20870201    0.24507264    0.25348577    0.24568800    0.26094303    0.25207553    0.25513567    0.25242712    0.36999221    0.37314084    0.30148500    0.29157555    0.28146224    0.14437782    0.13932563    0.13948026    0.18503231    0.16152807    0.03272661    0.00000000    0.18897053    0.17984318    0.18753376    0.19985704
T0             0.18179064    0.22561869    0.25173419    0.23502030    0.25549668    0.23534733    0.23534733    0.23568418    0.35035693    0.35342609    0.29339987    0.28355536    0.27988655    0.16027212    0.15503436    0.15786366    0.20210872    0.17020814    0.18399268    0.18897053    0.00000000    0.06931823    0.07593083    0.16490084
T7             0.16998940    0.22459066    0.25348577    0.23675385    0.25478496    0.23470313    0.24065923    0.24099424    0.35553700    0.35863319    0.29157555    0.28507687    0.27827519    0.15463822    0.14948166    0.14966223    0.20667405    0.17203113    0.18027769    0.17984318    0.06931823    0.00000000    0.01006870    0.16413319
T13            0.17758108    0.22699429    0.26199542    0.23913439    0.25716534    0.23175152    0.24300607    0.24333007    0.36534320    0.36847918    0.29727152    0.29073033    0.28388878    0.16207048    0.15686013    0.15704420    0.21465714    0.17963913    0.18797702    0.18753376    0.07593083    0.01006870    0.00000000    0.17165706
T17            0.15263958    0.25821468    0.28918407    0.27475206    0.26443028    0.25009138    0.25935737    0.25975890    0.37534929    0.37593563    0.30631746    0.29957739    0.29339987    0.16580373    0.16049634    0.16605040    0.20748779    0.17803596    0.19481503    0.19985704    0.16490084    0.16413319    0.17165706    0.00000000

