24
T12            0.00000000    0.27230704    0.26092359    0.23373181    0.23039741    0.21062331    0.20492300    0.24399098    0.19956164    0.26014970    0.24775882    0.25044536    0.25044536    0.24470854    0.20582214    0.19822787    0.21997128    0.21157172    0.20521359    0.20328173    0.22356112    0.21518862    0.18098563    0.20692423
T0             0.27230704    0.00000000    0.01822280    0.19623496    0.17695623    0.16937717    0.14869723    0.18192413    0.15393964    0.32006541    0.30025003    0.30314365    0.30968312    0.33540305    0.29560695    0.29199825    0.29681905    0.29724584    0.28526624    0.28707314    0.31965574    0.32432460    0.23808225    0.29163892
T22            0.26092359    0.01822280    0.00000000    0.18321735    0.16430536    0.15685371    0.13654160    0.16919294    0.14168736    0.31125988    0.29163892    0.29449776    0.30097371    0.32302470    0.28386632    0.28031658    0.28505330    0.28547102    0.27369155    0.27546324    0.30753474    0.31888038    0.22434560    0.27681805
T16            0.23373181    0.19623496    0.18321735    0.00000000    0.05206402    0.11348514    0.11105745    0.14489872    0.11854507    0.26167289    0.25240880    0.25205753    0.25819552    0.26504611    0.23765642    0.24031808    0.24167678    0.23074534    0.23114985    0.23866332    0.28266166    0.27986319    0.21806332    0.25205753
T7             0.23039741    0.17695623    0.16430536    0.05206402    0.00000000    0.11364200    0.10637647    0.13026406    0.10893908    0.27070254    0.26129303    0.26092359    0.26403073    0.27090734    0.23734059    0.24000333    0.25662139    0.24853498    0.23087124    0.24971070    0.28464659    0.28829135    0.20922797    0.25171650
T13            0.21062331    0.16937717    0.15685371    0.11348514    0.11364200    0.00000000    0.04776555    0.09004551    0.09251501    0.24000333    0.23114985    0.23087124    0.23379639    0.25987801    0.22095467    0.21777841    0.22710797    0.22156980    0.22851316    0.23533138    0.25955048    0.26677891    0.20130417    0.23438074
T8             0.20492300    0.14869723    0.13654160    0.11105745    0.10637647    0.04776555    0.00000000    0.07394991    0.08088474    0.23703470    0.22298653    0.22271372    0.22560502    0.25075511    0.21233038    0.20922797    0.22710797    0.21577024    0.21698085    0.22066139    0.25650031    0.26366209    0.17943575    0.22560502
T23            0.24399098    0.18192413    0.16919294    0.14489872    0.13026406    0.09004551    0.07394991    0.00000000    0.12051266    0.27472193    0.27472193    0.27436756    0.27124104    0.28031658    0.24331343    0.24237254    0.27070254    0.26479950    0.25955048    0.26056459    0.29199825    0.29640363    0.21108239    0.26570727
T5             0.19956164    0.15393964    0.14168736    0.11854507    0.10893908    0.09251501    0.08088474    0.12051266    0.00000000    0.25240880    0.23734059    0.23703470    0.24298971    0.24448259    0.20922797    0.20616694    0.22222290    0.22189162    0.21723714    0.22386285    0.26056459    0.26715733    0.17963081    0.22010356
T19            0.26014970    0.32006541    0.31125988    0.26167289    0.27070254    0.24000333    0.23703470    0.27472193    0.25240880    0.00000000    0.07380191    0.07373847    0.08266334    0.19959613    0.16379403    0.16364077    0.18297975    0.18049906    0.17394302    0.17715292    0.29275107    0.29070612    0.23114985    0.27751378
T9             0.24775882    0.30025003    0.29163892    0.25240880    0.26129303    0.23114985    0.22298653    0.27472193    0.23734059    0.07380191    0.00000000    0.01619027    0.03271222    0.19450103    0.15378750    0.15109865    0.16732819    0.16489339    0.15862477    0.16693076    0.27369155    0.26780991    0.22823323    0.26197722
T3             0.25044536    0.30314365    0.29449776    0.25205753    0.26092359    0.23087124    0.22271372    0.27436756    0.23703470    0.07373847    0.01619027    0.00000000    0.03270459    0.19704391    0.15620190    0.15350847    0.16977148    0.16732819    0.16105616    0.16937717    0.27648670    0.27058450    0.23087124    0.26229299
T2             0.25044536    0.30968312    0.30097371    0.25819552    0.26403073    0.23379639    0.22560502    0.27124104    0.24298971    0.08266334    0.03271222    0.03270459    0.00000000    0.20215776    0.16623882    0.16349614    0.18004738    0.17757258    0.17115444    0.17963081    0.28595533    0.27436756    0.23911932    0.26780991
T1             0.24470854    0.33540305    0.32302470    0.26504611    0.27090734    0.25987801    0.25075511    0.28031658    0.24448259    0.19959613    0.19450103    0.19704391    0.20215776    0.00000000    0.03481314    0.04966040    0.13711827    0.13728247    0.15073755    0.15877322    0.29199825    0.29560695    0.23299453    0.23808225
T20            0.20582214    0.29560695    0.28386632    0.23765642    0.23734059    0.22095467    0.21233038    0.24331343    0.20922797    0.16379403    0.15378750    0.15620190    0.16623882    0.03481314    0.00000000    0.01414105    0.09934461    0.09948139    0.11241425    0.11995030    0.25075511    0.25409694    0.19276797    0.20786332
T18            0.19822787    0.29199825    0.28031658    0.24031808    0.24000333    0.21777841    0.20922797    0.24237254    0.20616694    0.16364077    0.15109865    0.15350847    0.16349614    0.04966040    0.01414105    0.00000000    0.09685065    0.09697452    0.11471495    0.11740726    0.25045530    0.25075511    0.18982848    0.20490584
T4             0.21997128    0.29681905    0.28505330    0.24167678    0.25662139    0.22710797    0.22710797    0.27070254    0.22222290    0.18297975    0.16732819    0.16977148    0.18004738    0.13711827    0.09934461    0.09685065    0.00000000    0.02031412    0.13197340    0.12993394    0.26330396    0.25205753    0.21032565    0.22560502
T10            0.21157172    0.29724584    0.28547102    0.23074534    0.24853498    0.22156980    0.21577024    0.26479950    0.22189162    0.18049906    0.16489339    0.16732819    0.17757258    0.13728247    0.09948139    0.09697452    0.02031412    0.00000000    0.12963518    0.13009509    0.25748619    0.24632685    0.20492300    0.22298653
T21            0.20521359    0.28526624    0.27369155    0.23114985    0.23087124    0.22851316    0.21698085    0.25955048    0.21723714    0.17394302    0.15862477    0.16105616    0.17115444    0.15073755    0.11241425    0.11471495    0.13197340    0.12963518    0.00000000    0.06073869    0.24775081    0.24207913    0.19551612    0.22481992
T11            0.20328173    0.28707314    0.27546324    0.23866332    0.24971070    0.23533138    0.22066139    0.26056459    0.22386285    0.17715292    0.16693076    0.16937717    0.17963081    0.15877322    0.11995030    0.11740726    0.12993394    0.13009509    0.06073869    0.00000000    0.24567140    0.24298971    0.20130417    0.22219719
T6             0.22356112    0.31965574    0.30753474    0.28266166    0.28464659    0.25955048    0.25650031    0.29199825    0.26056459    0.29275107    0.27369155    0.27648670    0.28595533    0.29199825    0.25075511    0.25045530    0.26330396    0.25748619    0.24775081    0.24567140    0.00000000    0.05413005    0.22678806    0.24901659
T15            0.21518862    0.32432460    0.31888038    0.27986319    0.28829135    0.26677891    0.26366209    0.29640363    0.26715733    0.29070612    0.26780991    0.27058450    0.27436756    0.29560695    0.25409694    0.25075511    0.25205753    0.24632685    0.24207913    0.24298971    0.05413005    0.00000000    0.22125748    0.24331343
T17            0.18098563    0.23808225    0.22434560    0.21806332    0.20922797    0.20130417    0.17943575    0.21108239    0.17963081    0.23114985    0.22823323    0.23087124    0.23911932    0.23299453    0.19276797    0.18982848    0.21032565    0.20492300    0.19551612    0.20130417    0.22678806    0.22125748    0.00000000    0.09909295
T14            0.20692423    0.29163892    0.27681805    0.25205753    0.25171650    0.23438074    0.22560502    0.26570727    0.22010356    0.27751378    0.26197722    0.26229299    0.26780991    0.23808225    0.20786332    0.20490584    0.22560502    0.22298653    0.22481992    0.22219719    0.24901659    0.24331343    0.09909295    0.00000000

