24
T3             0.00000000    0.27668593    0.26680500    0.27790511    0.28749797    0.27233358    0.28634448    0.29239793    0.32381974    0.34730954    0.29317490    0.27651112    0.25865205    0.26643650    0.31306314    0.27999017    0.27684310    0.25957297    0.24938146    0.28070720    0.24669245    0.23007956    0.22419313    0.23502485
T17            0.27668593    0.00000000    0.01008411    0.18596325    0.19705025    0.20268750    0.20693929    0.20950359    0.23449822    0.24507639    0.21005340    0.19829240    0.19372745    0.17534189    0.25243252    0.19575944    0.19300317    0.18347634    0.16733790    0.20083452    0.18648064    0.16314573    0.16049894    0.16556813
T0             0.26680500    0.01008411    0.00000000    0.18845895    0.19957677    0.20522996    0.20950359    0.21207722    0.23713573    0.24478374    0.20693929    0.19530674    0.19072070    0.17244211    0.24903888    0.19829240    0.19552852    0.18051076    0.16450183    0.19784277    0.18347634    0.16027454    0.15764865    0.16269124
T23            0.27790511    0.18596325    0.18845895    0.00000000    0.03902101    0.11822019    0.13197882    0.12717060    0.14529823    0.16657598    0.15764865    0.14692469    0.13243444    0.11592994    0.21262455    0.16713458    0.16450183    0.15264177    0.17696600    0.21651139    0.17758341    0.15985068    0.15464005    0.16450183
T13            0.28749797    0.19705025    0.19957677    0.03902101    0.00000000    0.11791988    0.13227465    0.13212277    0.14747154    0.17116250    0.16511629    0.15427673    0.13461741    0.13010120    0.22067863    0.16938631    0.16675359    0.15743946    0.17696600    0.22221268    0.18845895    0.16777008    0.16247654    0.17780669
T19            0.27233358    0.20268750    0.20522996    0.11822019    0.11791988    0.00000000    0.07613693    0.07606120    0.09043561    0.11260225    0.16657219    0.15546591    0.13529752    0.12369230    0.22258417    0.17067401    0.16799888    0.15832575    0.18548113    0.21751910    0.18897390    0.16556813    0.16073162    0.17288570
T2             0.28634448    0.20693929    0.20950359    0.13197882    0.13227465    0.07613693    0.00000000    0.00401105    0.10134605    0.12641585    0.17244211    0.16675359    0.14645149    0.14472254    0.22097241    0.18299156    0.18028016    0.17043805    0.18174935    0.21346516    0.18503449    0.16713458    0.16227023    0.17449514
T9             0.29239793    0.20950359    0.21207722    0.12717060    0.13212277    0.07606120    0.00401105    0.00000000    0.10123281    0.12634011    0.17490115    0.16920177    0.14884279    0.14235432    0.22067863    0.18276236    0.18005832    0.17021059    0.18693790    0.21889182    0.19026204    0.17223323    0.16733790    0.17964103
T8             0.32381974    0.23449822    0.23713573    0.14529823    0.14747154    0.09043561    0.10134605    0.10123281    0.00000000    0.13446723    0.19541825    0.18924464    0.16314573    0.15856789    0.25164992    0.20298873    0.20015410    0.19010966    0.19903568    0.23767679    0.21415670    0.19762968    0.19260753    0.20015410
T4             0.34730954    0.24507639    0.24478374    0.16657598    0.17116250    0.11260225    0.12641585    0.12634011    0.13446723    0.00000000    0.20362154    0.19723771    0.18675670    0.18233048    0.26058893    0.21132706    0.20851654    0.19829240    0.22987156    0.24990599    0.23942284    0.21725277    0.21207722    0.22508794
T10            0.29317490    0.21005340    0.20693929    0.15764865    0.16511629    0.16657219    0.17244211    0.17490115    0.19541825    0.20362154    0.00000000    0.06098518    0.11121331    0.11106214    0.23535215    0.16978129    0.16713458    0.16269124    0.19552852    0.24269624    0.18571777    0.18125489    0.17581716    0.19147597
T11            0.27651112    0.19829240    0.19530674    0.14692469    0.15427673    0.15546591    0.16675359    0.16920177    0.18924464    0.19723771    0.06098518    0.00000000    0.09685403    0.10384831    0.22590378    0.16675359    0.16413468    0.15965128    0.19236055    0.23567212    0.17984527    0.17534189    0.16999166    0.18005832
T1             0.25865205    0.19372745    0.19072070    0.13243444    0.13461741    0.13529752    0.14645149    0.14884279    0.16314573    0.18675670    0.11121331    0.09685403    0.00000000    0.09461896    0.22067863    0.16413468    0.16152945    0.15483415    0.18193413    0.22459305    0.17490115    0.15985068    0.15464005    0.15927764
T5             0.26643650    0.17534189    0.17244211    0.11592994    0.13010120    0.12369230    0.14472254    0.14235432    0.15856789    0.18233048    0.11106214    0.10384831    0.09461896    0.00000000    0.20493888    0.14692469    0.14437919    0.13999412    0.15651845    0.20594652    0.16754974    0.15264177    0.14747154    0.15764865
T15            0.31306314    0.25243252    0.24903888    0.21262455    0.22067863    0.22258417    0.22097241    0.22067863    0.25164992    0.26058893    0.23535215    0.22590378    0.22067863    0.20493888    0.00000000    0.14709883    0.14709883    0.14273304    0.24033863    0.28389450    0.24066395    0.21837532    0.21549166    0.23206425
T18            0.27999017    0.19575944    0.19829240    0.16713458    0.16938631    0.17067401    0.18299156    0.18276236    0.20298873    0.21132706    0.16978129    0.16675359    0.16413468    0.14692469    0.14709883    0.00000000    0.00200402    0.03483202    0.18482454    0.23061942    0.19096351    0.16754974    0.16227023    0.17758341
T21            0.27684310    0.19300317    0.19552852    0.16450183    0.16675359    0.16799888    0.18028016    0.18005832    0.20015410    0.20851654    0.16713458    0.16413468    0.16152945    0.14437919    0.14709883    0.00200402    0.00000000    0.03272662    0.18212785    0.22771912    0.18821479    0.16490301    0.15965128    0.17490115
T12            0.25957297    0.18347634    0.18051076    0.15264177    0.15743946    0.15832575    0.17043805    0.17021059    0.19010966    0.19829240    0.16269124    0.15965128    0.15483415    0.13999412    0.14273304    0.03483202    0.03272662    0.00000000    0.16693980    0.21156763    0.17827932    0.15524710    0.15004996    0.17043805
T22            0.24938146    0.16733790    0.16450183    0.17696600    0.17696600    0.18548113    0.18174935    0.18693790    0.19903568    0.22987156    0.19552852    0.19236055    0.18193413    0.15651845    0.24033863    0.18482454    0.18212785    0.16693980    0.00000000    0.07380347    0.14490637    0.13044748    0.12545806    0.13243444
T20            0.28070720    0.20083452    0.19784277    0.21651139    0.22221268    0.21751910    0.21346516    0.21889182    0.23767679    0.24990599    0.24269624    0.23567212    0.22459305    0.20594652    0.28389450    0.23061942    0.22771912    0.21156763    0.07380347    0.00000000    0.19096351    0.17021059    0.16490301    0.17490115
T7             0.24669245    0.18648064    0.18347634    0.17758341    0.18845895    0.18897390    0.18503449    0.19026204    0.21415670    0.23942284    0.18571777    0.17984527    0.17490115    0.16754974    0.24066395    0.19096351    0.18821479    0.17827932    0.14490637    0.19096351    0.00000000    0.04559696    0.04128608    0.05840746
T14            0.23007956    0.16314573    0.16027454    0.15985068    0.16777008    0.16556813    0.16713458    0.17223323    0.19762968    0.21725277    0.18125489    0.17534189    0.15985068    0.15264177    0.21837532    0.16754974    0.16490301    0.15524710    0.13044748    0.17021059    0.04559696    0.00000000    0.00602415    0.04124079
T6             0.22419313    0.16049894    0.15764865    0.15464005    0.16247654    0.16073162    0.16227023    0.16733790    0.19260753    0.21207722    0.17581716    0.16999166    0.15464005    0.14747154    0.21549166    0.16227023    0.15965128    0.15004996    0.12545806    0.16490301    0.04128608    0.00602415    0.00000000    0.03697598
T16            0.23502485    0.16556813    0.16269124    0.16450183    0.17780669    0.17288570    0.17449514    0.17964103    0.20015410    0.22508794    0.19147597    0.18005832    0.15927764    0.15764865    0.23206425    0.17758341    0.17490115    0.17043805    0.13243444    0.17490115    0.05840746    0.04124079    0.03697598    0.00000000

