24
T5             0.00000000    0.29440756    0.32972224    0.33077232    0.28917437    0.28310564    0.28591461    0.28506716    0.30101331    0.28591461    0.32034627    0.22038511    0.19025535    0.21548247    0.20976525    0.21465155    0.27626112    0.27308432    0.29397974    0.21108794    0.20329007    0.19424767    0.18870489    0.19956871
T21            0.29440756    0.00000000    0.10371997    0.10637855    0.12830777    0.12850159    0.13082115    0.21465155    0.30147434    0.29769951    0.30546337    0.29397974    0.28314186    0.30012547    0.30012547    0.30216061    0.34779142    0.35136604    0.36224607    0.28880296    0.26130483    0.26922201    0.24065244    0.25241968
T3             0.32972224    0.10371997    0.00000000    0.03924509    0.14057429    0.13568092    0.13802238    0.21984582    0.29969870    0.29356319    0.29810645    0.30056368    0.28314186    0.31691875    0.31691875    0.32231307    0.35136604    0.35859299    0.37336849    0.29201022    0.29908333    0.28120004    0.27154637    0.28399760
T17            0.33077232    0.10637855    0.03924509    0.00000000    0.13588621    0.13102133    0.13334726    0.20898309    0.28748149    0.28788806    0.28596681    0.30056368    0.29601306    0.31691875    0.31691875    0.32231307    0.34779142    0.35496644    0.36963342    0.29201022    0.30006224    0.29204489    0.27796137    0.29056013
T2             0.28917437    0.12830777    0.14057429    0.13588621    0.00000000    0.00401105    0.00602414    0.17715727    0.25477719    0.24299896    0.25715721    0.25477719    0.25378686    0.26367346    0.26057552    0.25956015    0.31304302    0.31985136    0.32675384    0.25317863    0.25083995    0.25474369    0.21577832    0.22126592
T10            0.28310564    0.12850159    0.13568092    0.13102133    0.00401105    0.00000000    0.00200301    0.17202756    0.25139539    0.23970709    0.25378686    0.24902664    0.24806075    0.25784658    0.25477719    0.25378686    0.30922488    0.31596426    0.32279586    0.24746812    0.24509391    0.24895098    0.21033338    0.21577832
T16            0.28591461    0.13082115    0.13802238    0.13334726    0.00602414    0.00200301    0.00000000    0.17448959    0.25410660    0.24238102    0.25650958    0.24869446    0.24775929    0.25749669    0.25443672    0.25347753    0.30878812    0.31550480    0.32575234    0.24718728    0.24471976    0.24854749    0.21004466    0.21548247
T1             0.28506716    0.21465155    0.21984582    0.20898309    0.17715727    0.17202756    0.17448959    0.00000000    0.26022656    0.23941204    0.27752523    0.24268494    0.23591816    0.24299896    0.24299896    0.24506506    0.28991943    0.29641761    0.31213516    0.23704318    0.23501387    0.23867369    0.21807108    0.22942040
T4             0.30101331    0.30147434    0.29969870    0.28748149    0.25477719    0.25139539    0.25410660    0.26022656    0.00000000    0.04362535    0.10348976    0.27308432    0.26571780    0.25784658    0.25784658    0.26296691    0.30922488    0.31596426    0.32526976    0.26882534    0.26836951    0.26463732    0.23766564    0.24936902
T6             0.28591461    0.29769951    0.29356319    0.28788806    0.24299896    0.23970709    0.24238102    0.23941204    0.04362535    0.00000000    0.08972467    0.24936902    0.24238102    0.23469661    0.23469661    0.24568065    0.29072004    0.29726086    0.30632628    0.24837248    0.23867369    0.23487223    0.21519604    0.22648624
T20            0.32034627    0.30546337    0.29810645    0.28596681    0.25715721    0.25378686    0.25650958    0.27752523    0.10348976    0.08972467    0.00000000    0.25378686    0.25893593    0.25956015    0.25956015    0.27091744    0.31169893    0.31843824    0.31755601    0.26750592    0.25512799    0.25663400    0.24299896    0.25477719
T0             0.22038511    0.29397974    0.30056368    0.30056368    0.25477719    0.24902664    0.24869446    0.24268494    0.27308432    0.24936902    0.25378686    0.00000000    0.07373901    0.07840900    0.07840900    0.08502256    0.13981151    0.14235040    0.16268598    0.15326529    0.14437537    0.15723383    0.12993659    0.13981151
T23            0.19025535    0.28314186    0.28314186    0.29601306    0.25378686    0.24806075    0.24775929    0.23591816    0.26571780    0.24238102    0.25893593    0.07373901    0.00000000    0.05626530    0.05626530    0.06050760    0.12036290    0.12282058    0.14471854    0.13837887    0.13917668    0.14168997    0.11971710    0.12936999
T8             0.21548247    0.30012547    0.31691875    0.31691875    0.26367346    0.25784658    0.25749669    0.24299896    0.25784658    0.23469661    0.25956015    0.07840900    0.05626530    0.00000000    0.00401611    0.02031419    0.13026706    0.13277411    0.14766566    0.15592905    0.14965971    0.15743461    0.12978311    0.13964074
T13            0.20976525    0.30012547    0.31691875    0.31691875    0.26057552    0.25477719    0.25443672    0.24299896    0.25784658    0.23469661    0.25956015    0.07840900    0.05626530    0.00401611    0.00000000    0.01619030    0.12529042    0.12777254    0.14253564    0.15592905    0.14965971    0.15743461    0.12978311    0.13964074
T9             0.21465155    0.30216061    0.32231307    0.32231307    0.25956015    0.25378686    0.25347753    0.24506506    0.26296691    0.24568065    0.27091744    0.08502256    0.06050760    0.02031419    0.01619030    0.00000000    0.12978311    0.13227139    0.14709475    0.16067034    0.15427237    0.16206742    0.13432184    0.13917668
T18            0.27626112    0.34779142    0.35136604    0.34779142    0.31304302    0.30922488    0.30878812    0.28991943    0.30922488    0.29072004    0.31169893    0.13981151    0.12036290    0.13026706    0.12529042    0.12978311    0.00000000    0.01415455    0.04765402    0.20828559    0.21004466    0.21290326    0.18820797    0.19902794
T22            0.27308432    0.35136604    0.35859299    0.35496644    0.31985136    0.31596426    0.31550480    0.29641761    0.31596426    0.29726086    0.31843824    0.14235040    0.12282058    0.13277411    0.12777254    0.13227139    0.01415455    0.00000000    0.04982344    0.21108794    0.21290326    0.21290326    0.19095644    0.20183039
T11            0.29397974    0.36224607    0.37336849    0.36963342    0.32675384    0.32279586    0.32575234    0.31213516    0.32526976    0.30632628    0.31755601    0.16268598    0.14471854    0.14766566    0.14253564    0.14709475    0.04765402    0.04982344    0.00000000    0.23885222    0.23269997    0.24168758    0.21290326    0.22418296
T19            0.21108794    0.28880296    0.29201022    0.29201022    0.25317863    0.24746812    0.24718728    0.23704318    0.26882534    0.24837248    0.26750592    0.15326529    0.13837887    0.15592905    0.15592905    0.16067034    0.20828559    0.21108794    0.23885222    0.00000000    0.14644772    0.14644772    0.12924815    0.13654372
T7             0.20329007    0.26130483    0.29908333    0.30006224    0.25083995    0.24509391    0.24471976    0.23501387    0.26836951    0.23867369    0.25512799    0.14437537    0.13917668    0.14965971    0.14965971    0.15427237    0.21004466    0.21290326    0.23269997    0.14644772    0.00000000    0.06081423    0.08539484    0.09461720
T15            0.19424767    0.26922201    0.28120004    0.29204489    0.25474369    0.24895098    0.24854749    0.23867369    0.26463732    0.23487223    0.25663400    0.15723383    0.14168997    0.15743461    0.15743461    0.16206742    0.21290326    0.21290326    0.24168758    0.14644772    0.06081423    0.00000000    0.08771549    0.09697621
T12            0.18870489    0.24065244    0.27154637    0.27796137    0.21577832    0.21033338    0.21004466    0.21807108    0.23766564    0.21519604    0.24299896    0.12993659    0.11971710    0.12978311    0.12978311    0.13432184    0.18820797    0.19095644    0.21290326    0.12924815    0.08539484    0.08771549    0.00000000    0.00805152
T14            0.19956871    0.25241968    0.28399760    0.29056013    0.22126592    0.21577832    0.21548247    0.22942040    0.24936902    0.22648624    0.25477719    0.13981151    0.12936999    0.13964074    0.13964074    0.13917668    0.19902794    0.20183039    0.22418296    0.13654372    0.09461720    0.09697621    0.00805152    0.00000000

