24
T17            0.00000000    0.40250312    0.40640708    0.46234589    0.40786925    0.40189327    0.42515745    0.40672341    0.43194301    0.33343448    0.35134546    0.36249122    0.35774331    0.35106558    0.40376714    0.40182298    0.38892495    0.38833118    0.33790190    0.36448673    0.35939428    0.34496339    0.14662918    0.14934172
T16            0.40250312    0.00000000    0.00200403    0.10548664    0.08947798    0.06938480    0.15087959    0.14859746    0.15066192    0.34771132    0.36116411    0.40320263    0.39015530    0.38313315    0.38833118    0.39790328    0.38512511    0.39214551    0.34853207    0.37444745    0.38313315    0.37303162    0.41301016    0.41763353
T20            0.40640708    0.00200403    0.00000000    0.10785216    0.09178868    0.07162792    0.15341343    0.15113137    0.15318287    0.35134546    0.36487951    0.40718522    0.39401421    0.38694777    0.39214551    0.40182298    0.38892495    0.39598931    0.35212653    0.37817618    0.38694777    0.37678877    0.41697620    0.42164763
T5             0.46234589    0.10548664    0.10785216    0.00000000    0.09860630    0.08742104    0.17878946    0.17646520    0.18113567    0.37740852    0.39144262    0.43956589    0.42569437    0.41830615    0.42097410    0.43123484    0.41763353    0.42500438    0.38694777    0.41430810    0.41166845    0.40905666    0.44146004    0.45337240
T19            0.40786925    0.08947798    0.09178868    0.09860630    0.00000000    0.06061507    0.14835858    0.15113137    0.15826340    0.34657381    0.36737405    0.40182298    0.38892495    0.38193307    0.39986303    0.40577380    0.39661281    0.40376714    0.33002825    0.35621167    0.36342599    0.35721948    0.39255374    0.39688932
T21            0.40189327    0.06938480    0.07162792    0.08742104    0.06061507    0.00000000    0.14647849    0.14424763    0.14395093    0.32105426    0.34108340    0.38185690    0.36930262    0.36249122    0.36872480    0.37804202    0.36306834    0.36989398    0.32546034    0.36503731    0.35519696    0.34548740    0.40189327    0.40640708
T14            0.42515745    0.15087959    0.15341343    0.17878946    0.14835858    0.14647849    0.00000000    0.03073528    0.14157396    0.35158954    0.36249122    0.38252610    0.37020939    0.36707276    0.41166845    0.42189838    0.41235424    0.41969724    0.35721948    0.39478588    0.38833118    0.37817618    0.41843448    0.42302786
T11            0.40672341    0.14859746    0.15113137    0.17646520    0.15113137    0.14424763    0.03073528    0.00000000    0.14157396    0.34193141    0.35267653    0.39144262    0.37501209    0.37186167    0.40115505    0.41119993    0.40182298    0.40905666    0.35106558    0.38833118    0.38193307    0.37934756    0.40399596    0.40846483
T23            0.43194301    0.15066192    0.15318287    0.18113567    0.15826340    0.14395093    0.14157396    0.14157396    0.00000000    0.36503731    0.37618277    0.40837195    0.39155139    0.39214551    0.38833118    0.40182298    0.38892495    0.39598931    0.37074644    0.40517165    0.40640708    0.40376714    0.41843448    0.42302786
T9             0.33343448    0.34771132    0.35134546    0.37740852    0.34657381    0.32105426    0.35158954    0.34193141    0.36503731    0.00000000    0.01827062    0.15647146    0.15334525    0.15358331    0.18432970    0.18243267    0.18461344    0.18432970    0.14276727    0.16054304    0.14835492    0.14835492    0.32992835    0.33397073
T4             0.35134546    0.36116411    0.36487951    0.39144262    0.36737405    0.34108340    0.36249122    0.35267653    0.37618277    0.01827062    0.00000000    0.17262473    0.17203915    0.17232774    0.20116458    0.19362423    0.20149615    0.20116458    0.15573635    0.17393046    0.15621824    0.16153034    0.34052170    0.34467822
T12            0.36249122    0.40320263    0.40718522    0.43956589    0.40182298    0.38185690    0.38252610    0.39144262    0.40837195    0.15647146    0.17262473    0.00000000    0.02029474    0.02031488    0.22232944    0.22043441    0.21681493    0.21648824    0.17562496    0.19153587    0.18105238    0.18709626    0.37111727    0.37553518
T1             0.35774331    0.39015530    0.39401421    0.42569437    0.38892495    0.36930262    0.37020939    0.37501209    0.39155139    0.15334525    0.17203915    0.02029474    0.00000000    0.00401107    0.21875817    0.21681493    0.21328432    0.21298489    0.17293328    0.18876945    0.17833127    0.17884229    0.36503731    0.36930262
T8             0.35106558    0.38313315    0.38694777    0.41830615    0.38193307    0.36249122    0.36707276    0.37186167    0.39214551    0.15358331    0.17232774    0.02031488    0.00401107    0.00000000    0.21907447    0.21715101    0.21359315    0.21328432    0.17316971    0.18903335    0.17858244    0.17911079    0.35828040    0.36249122
T22            0.40376714    0.38833118    0.39214551    0.42097410    0.39986303    0.36872480    0.41166845    0.40115505    0.38833118    0.18432970    0.20116458    0.22232944    0.21875817    0.21907447    0.00000000    0.01210035    0.02031488    0.02029474    0.19630743    0.20700420    0.20756077    0.19964228    0.39466585    0.39925167
T2             0.40182298    0.39790328    0.40182298    0.43123484    0.40577380    0.37804202    0.42189838    0.41119993    0.40182298    0.18243267    0.19362423    0.22043441    0.21681493    0.21715101    0.01210035    0.00000000    0.02034132    0.02031488    0.19431775    0.20500759    0.19992861    0.19769910    0.39278682    0.39741579
T3             0.38892495    0.38512511    0.38892495    0.41763353    0.39661281    0.36306834    0.41235424    0.40182298    0.38892495    0.18461344    0.20149615    0.21681493    0.21328432    0.21359315    0.02031488    0.02034132    0.00000000    0.00401107    0.19656763    0.20727782    0.20785302    0.19992861    0.37995409    0.38438925
T6             0.38833118    0.39214551    0.39598931    0.42500438    0.40376714    0.36989398    0.41969724    0.40905666    0.39598931    0.18432970    0.20116458    0.21648824    0.21298489    0.21328432    0.02029474    0.02031488    0.00401107    0.00000000    0.19630743    0.20700420    0.20756077    0.19964228    0.37934756    0.38375421
T13            0.33790190    0.34853207    0.35212653    0.38694777    0.33002825    0.32546034    0.35721948    0.35106558    0.37074644    0.14276727    0.15573635    0.17562496    0.17293328    0.17316971    0.19630743    0.19431775    0.19656763    0.19630743    0.00000000    0.03907136    0.03489041    0.04343985    0.36056098    0.36487951
T18            0.36448673    0.37444745    0.37817618    0.41430810    0.35621167    0.36503731    0.39478588    0.38833118    0.40517165    0.16054304    0.17393046    0.19153587    0.18876945    0.18903335    0.20700420    0.20500759    0.20727782    0.20700420    0.03907136    0.00000000    0.04549704    0.05860280    0.39210761    0.39670680
T7             0.35939428    0.38313315    0.38694777    0.41166845    0.36342599    0.35519696    0.38833118    0.38193307    0.40640708    0.14835492    0.15621824    0.18105238    0.17833127    0.17858244    0.20756077    0.19992861    0.20785302    0.20756077    0.03489041    0.04549704    0.00000000    0.05433743    0.38706913    0.39169428
T15            0.34496339    0.37303162    0.37678877    0.40905666    0.35721948    0.34548740    0.37817618    0.37934756    0.40376714    0.14835492    0.16153034    0.18709626    0.17884229    0.17911079    0.19964228    0.19769910    0.19992861    0.19964228    0.04343985    0.05860280    0.05433743    0.00000000    0.37174918    0.37619512
T10            0.14662918    0.41301016    0.41697620    0.44146004    0.39255374    0.40189327    0.41843448    0.40399596    0.41843448    0.32992835    0.34052170    0.37111727    0.36503731    0.35828040    0.39466585    0.39278682    0.37995409    0.37934756    0.36056098    0.39210761    0.38706913    0.37174918    0.00000000    0.00602725
T0             0.14934172    0.41763353    0.42164763    0.45337240    0.39688932    0.40640708    0.42302786    0.40846483    0.42302786    0.33397073    0.34467822    0.37553518    0.36930262    0.36249122    0.39925167    0.39741579    0.38438925    0.38375421    0.36487951    0.39670680    0.39169428    0.37619512    0.00602725    0.00000000

