24
T21            0.00000000    0.20414450    0.19880138    0.23443113    0.21134976    0.19455734    0.19074130    0.19074130    0.18946986    0.19905906    0.20134083    0.20296250    0.20255533    0.29690427    0.29690427    0.29817142    0.34384146    0.28959912    0.30843643    0.26172849    0.24304447    0.25293400    0.20810003    0.21829238
T1             0.20414450    0.00000000    0.06728063    0.11536036    0.09653037    0.09450567    0.10113204    0.10587337    0.26761920    0.27248796    0.26610945    0.26722828    0.26647827    0.34270699    0.34270699    0.34095593    0.37159597    0.33197252    0.34152715    0.29822539    0.29679583    0.27443454    0.25415514    0.26235264
T0             0.19880138    0.06728063    0.00000000    0.10372806    0.08519954    0.09698400    0.10123816    0.10599083    0.25863320    0.26654289    0.26022494    0.26136103    0.26062893    0.35304133    0.35304133    0.35486544    0.39795432    0.34572777    0.35180689    0.31359764    0.30639359    0.29322478    0.26923839    0.27758316
T11            0.23443113    0.11536036    0.10372806    0.00000000    0.04343801    0.14491900    0.14676992    0.15188826    0.29868848    0.30980060    0.30300970    0.30490241    0.30396574    0.39079595    0.39079595    0.39261517    0.42994929    0.38302700    0.38169652    0.35617793    0.33086939    0.32058038    0.29244517    0.30432426
T18            0.21134976    0.09653037    0.08519954    0.04343801    0.00000000    0.12514565    0.12459456    0.12951107    0.27673496    0.29063775    0.28407037    0.27952371    0.27553587    0.36535891    0.36535891    0.36722876    0.41100927    0.35793679    0.36411834    0.31945288    0.31801022    0.29817142    0.27097022    0.28250586
T16            0.19455734    0.09450567    0.09698400    0.14491900    0.12514565    0.00000000    0.07622291    0.08079067    0.24820923    0.26244620    0.25610789    0.25709575    0.25013712    0.34521605    0.34521605    0.34695904    0.38195333    0.33792883    0.33312434    0.30691357    0.29212826    0.29120663    0.25863320    0.26372875
T3             0.19074130    0.10113204    0.10123816    0.14676992    0.12459456    0.07622291    0.00000000    0.00401613    0.26213495    0.27340644    0.26698675    0.25629878    0.25554291    0.34633713    0.34633713    0.34816360    0.38302700    0.33910309    0.34513097    0.30731536    0.31377463    0.30596338    0.26960725    0.27794937
T13            0.19074130    0.10587337    0.10599083    0.15188826    0.12951107    0.08079067    0.00401613    0.00000000    0.26213495    0.27340644    0.26698675    0.25629878    0.25554291    0.34633713    0.34633713    0.34816360    0.38302700    0.33910309    0.34513097    0.30731536    0.31377463    0.30596338    0.26960725    0.27794937
T10            0.18946986    0.26761920    0.25863320    0.29868848    0.27673496    0.24820923    0.26213495    0.26213495    0.00000000    0.11365585    0.10638806    0.09419304    0.09186662    0.32388872    0.32388872    0.32337987    0.37159597    0.32043470    0.33331754    0.30731536    0.28127222    0.28555364    0.25320843    0.26062893
T5             0.19905906    0.27248796    0.26654289    0.30980060    0.29063775    0.26244620    0.27340644    0.27340644    0.11365585    0.00000000    0.03497226    0.09227608    0.08993869    0.32957173    0.32957173    0.32900238    0.37670349    0.32604425    0.34633713    0.30588506    0.27570808    0.28081883    0.24553278    0.25051132
T9             0.20134083    0.26610945    0.26022494    0.30300970    0.28407037    0.25610789    0.26698675    0.26698675    0.10638806    0.03497226    0.00000000    0.08069719    0.08761220    0.32957173    0.32957173    0.32900238    0.37289321    0.32604425    0.34999390    0.30588506    0.27570808    0.28081883    0.24553278    0.25051132
T14            0.20296250    0.26722828    0.26136103    0.30490241    0.27952371    0.25709575    0.25629878    0.25629878    0.09419304    0.09227608    0.08069719    0.00000000    0.02653210    0.32440960    0.32440960    0.32388872    0.37853011    0.32094354    0.34341602    0.29282928    0.27437870    0.27395694    0.23607263    0.24708461
T4             0.20255533    0.26647827    0.26062893    0.30396574    0.27553587    0.25013712    0.25554291    0.25554291    0.09186662    0.08993869    0.08761220    0.02653210    0.00000000    0.32584031    0.32584031    0.32535578    0.37229878    0.32239832    0.34590070    0.29038035    0.27673496    0.27632444    0.23837494    0.24941920
T8             0.29690427    0.34270699    0.35304133    0.39079595    0.36535891    0.34521605    0.34633713    0.34633713    0.32388872    0.32957173    0.32957173    0.32440960    0.32584031    0.00000000    0.00000000    0.01822291    0.07859684    0.02444420    0.05639133    0.29690427    0.28173641    0.30307520    0.27952371    0.28795528
T15            0.29690427    0.34270699    0.35304133    0.39079595    0.36535891    0.34521605    0.34633713    0.34633713    0.32388872    0.32957173    0.32957173    0.32440960    0.32584031    0.00000000    0.00000000    0.01822291    0.07859684    0.02444420    0.05639133    0.29690427    0.28173641    0.30307520    0.27952371    0.28795528
T2             0.29817142    0.34095593    0.35486544    0.39261517    0.36722876    0.34695904    0.34816360    0.34816360    0.32337987    0.32900238    0.32900238    0.32388872    0.32535578    0.01822291    0.01822291    0.00000000    0.07395463    0.02234694    0.05621559    0.30223096    0.28361721    0.30264728    0.27911375    0.28754712
T6             0.34384146    0.37159597    0.39795432    0.42994929    0.41100927    0.38195333    0.38302700    0.38302700    0.37159597    0.37670349    0.37289321    0.37853011    0.37229878    0.07859684    0.07859684    0.07395463    0.00000000    0.07880847    0.11593865    0.32832535    0.32900238    0.34181450    0.32388872    0.33279642
T12            0.28959912    0.33197252    0.34572777    0.38302700    0.35793679    0.33792883    0.33910309    0.33910309    0.32043470    0.32604425    0.32604425    0.32094354    0.32239832    0.02444420    0.02444420    0.02234694    0.07880847    0.00000000    0.04982522    0.29690427    0.27525429    0.29404983    0.27395694    0.28232330
T20            0.30843643    0.34152715    0.35180689    0.38169652    0.36411834    0.33312434    0.34513097    0.34513097    0.33331754    0.34633713    0.34999390    0.34341602    0.34590070    0.05639133    0.05639133    0.05621559    0.11593865    0.04982522    0.00000000    0.30930170    0.27758837    0.30886318    0.28837460    0.29690427
T23            0.26172849    0.29822539    0.31359764    0.35617793    0.31945288    0.30691357    0.30731536    0.30731536    0.30731536    0.30588506    0.30588506    0.29282928    0.29038035    0.29690427    0.29690427    0.30223096    0.32832535    0.29690427    0.30930170    0.00000000    0.24286624    0.23384385    0.20670101    0.21111794
T7             0.24304447    0.29679583    0.30639359    0.33086939    0.31801022    0.29212826    0.31377463    0.31377463    0.28127222    0.27570808    0.27570808    0.27437870    0.27673496    0.28173641    0.28173641    0.28361721    0.32900238    0.27525429    0.27758837    0.24286624    0.00000000    0.17069271    0.13512684    0.14693637
T22            0.25293400    0.27443454    0.29322478    0.32058038    0.29817142    0.29120663    0.30596338    0.30596338    0.28555364    0.28081883    0.28081883    0.27395694    0.27632444    0.30307520    0.30307520    0.30264728    0.34181450    0.29404983    0.30886318    0.23384385    0.17069271    0.00000000    0.04776791    0.05840904
T19            0.20810003    0.25415514    0.26923839    0.29244517    0.27097022    0.25863320    0.26960725    0.26960725    0.25320843    0.24553278    0.24553278    0.23607263    0.23837494    0.27952371    0.27952371    0.27911375    0.32388872    0.27395694    0.28837460    0.20670101    0.13512684    0.04776791    0.00000000    0.02234694
T17            0.21829238    0.26235264    0.27758316    0.30432426    0.28250586    0.26372875    0.27794937    0.27794937    0.26062893    0.25051132    0.25051132    0.24708461    0.24941920    0.28795528    0.28795528    0.28754712    0.33279642    0.28232330    0.29690427    0.21111794    0.14693637    0.05840904    0.02234694    0.00000000

