24
T22            0.00000000    0.29412418    0.26180432    0.40766610    0.38704733    0.34164118    0.36424417    0.35379837    0.37704298    0.19739747    0.19739747    0.18653507    0.19267073    0.20444355    0.26768340    0.26808669    0.25987613    0.09878484    0.08482679    0.09402680    0.10321333    0.08940554    0.07833647    0.11283310
T17            0.29412418    0.00000000    0.05841128    0.42835266    0.42231275    0.38287564    0.38505207    0.37450004    0.39987711    0.30315326    0.30315326    0.28400605    0.26893818    0.29045035    0.40905438    0.40967969    0.41967321    0.35105006    0.34698415    0.34799272    0.37127972    0.34698415    0.31477848    0.36814323
T2             0.26180432    0.05841128    0.00000000    0.39335651    0.37616406    0.34649931    0.34164234    0.33860743    0.37995732    0.27680423    0.27680423    0.25831892    0.24982799    0.26690871    0.37127972    0.37184385    0.38118877    0.31029951    0.30648310    0.30740029    0.33289599    0.30648310    0.27599036    0.32297575
T6             0.40766610    0.42835266    0.39335651    0.00000000    0.06728404    0.07850649    0.08053591    0.07380953    0.16230671    0.38283809    0.38675801    0.37684786    0.38751638    0.38317352    0.49145573    0.49239581    0.47697660    0.45760847    0.45668257    0.47007506    0.46815318    0.45229730    0.43515740    0.46721776
T3             0.38704733    0.42231275    0.37616406    0.06728404    0.00000000    0.06728404    0.07606785    0.06938432    0.15467290    0.35930425    0.36303322    0.35379837    0.37508967    0.38118877    0.49053381    0.49145573    0.47606646    0.43936863    0.43853454    0.45140722    0.44967603    0.43013405    0.41754809    0.44456287
T5             0.34164118    0.38287564    0.34649931    0.07850649    0.06728404    0.00000000    0.02855482    0.02233543    0.11973535    0.34524860    0.34888235    0.33995705    0.34222762    0.35573051    0.46196144    0.46279515    0.44801004    0.39416520    0.38568027    0.39739292    0.39599013    0.38568027    0.36613391    0.39922943
T1             0.36424417    0.38505207    0.34164234    0.08053591    0.07606785    0.02855482    0.00000000    0.01006773    0.12693322    0.35074009    0.35438697    0.34191635    0.35498852    0.36502018    0.46231776    0.46308539    0.45683614    0.41447709    0.40973290    0.42187298    0.42039121    0.40973290    0.38955395    0.41967321
T11            0.35379837    0.37450004    0.33860743    0.07380953    0.06938432    0.02233543    0.01006773    0.00000000    0.11973535    0.34050588    0.34408723    0.33188601    0.34466160    0.35464393    0.45879572    0.45956178    0.44069156    0.40716168    0.39854842    0.41044688    0.40903376    0.39854842    0.37866905    0.40834947
T4             0.37704298    0.39987711    0.37995732    0.16230671    0.15467290    0.11973535    0.12693322    0.11973535    0.00000000    0.37072929    0.36705610    0.36192102    0.36870716    0.38396254    0.49787455    0.49880243    0.49512001    0.42364831    0.42701863    0.42701863    0.42976053    0.42701863    0.41032003    0.44131915
T21            0.19739747    0.30315326    0.27680423    0.38283809    0.35930425    0.34524860    0.35074009    0.34050588    0.37072929    0.00000000    0.00401616    0.02031484    0.12797182    0.13699195    0.30315326    0.30359479    0.29499846    0.24215934    0.23877396    0.25095550    0.25019364    0.22395464    0.21972891    0.25365240
T9             0.19739747    0.30315326    0.27680423    0.38675801    0.36303322    0.34888235    0.35438697    0.34408723    0.36705610    0.00401616    0.00000000    0.02031484    0.12797182    0.13699195    0.30315326    0.30359479    0.29499846    0.24215934    0.23877396    0.25095550    0.25019364    0.22395464    0.21972891    0.25365240
T7             0.18653507    0.28400605    0.25831892    0.37684786    0.35379837    0.33995705    0.34191635    0.33188601    0.36192102    0.02031484    0.02031484    0.00000000    0.11824142    0.12719053    0.29370406    0.29412418    0.28562636    0.23050252    0.22720626    0.23913257    0.23842526    0.21268931    0.20845943    0.24179151
T19            0.19267073    0.26893818    0.24982799    0.38751638    0.37508967    0.34222762    0.35498852    0.34466160    0.36870716    0.12797182    0.12797182    0.11824142    0.00000000    0.08488786    0.27918168    0.27959349    0.27125786    0.23648346    0.23987949    0.23612410    0.24750554    0.23313370    0.22301981    0.25095550
T13            0.20444355    0.29045035    0.26690871    0.38317352    0.38118877    0.35573051    0.36502018    0.35464393    0.38396254    0.13699195    0.13699195    0.12719053    0.08488786    0.00000000    0.29697918    0.29741016    0.28888026    0.25795566    0.25149422    0.25453917    0.26617669    0.24846779    0.23510519    0.24815345
T12            0.26768340    0.40905438    0.37127972    0.49145573    0.49053381    0.46196144    0.46231776    0.45879572    0.49787455    0.30315326    0.30315326    0.29370406    0.27918168    0.29697918    0.00000000    0.00200301    0.03489028    0.33043740    0.31954261    0.33695012    0.33942079    0.31613298    0.29830638    0.32450942
T0             0.26808669    0.40967969    0.37184385    0.49239581    0.49145573    0.46279515    0.46308539    0.45956178    0.49880243    0.30359479    0.30359479    0.29412418    0.27959349    0.29741016    0.00200301    0.00000000    0.03280951    0.33097317    0.32002981    0.33749869    0.33995705    0.31660841    0.29877158    0.32504479
T8             0.25987613    0.41967321    0.38118877    0.47697660    0.47606646    0.44801004    0.45683614    0.44069156    0.49512001    0.29499846    0.29499846    0.28562636    0.27125786    0.28888026    0.03489028    0.03280951    0.00000000    0.32209856    0.31126302    0.32855069    0.33805971    0.30787638    0.29355245    0.30937440
T10            0.09878484    0.35105006    0.31029951    0.45760847    0.43936863    0.39416520    0.41447709    0.40716168    0.42364831    0.24215934    0.24215934    0.23050252    0.23648346    0.25795566    0.33043740    0.33097317    0.32209856    0.00000000    0.03919410    0.03705679    0.05426287    0.03705679    0.04994939    0.09216966
T14            0.08482679    0.34698415    0.30648310    0.45668257    0.43853454    0.38568027    0.40973290    0.39854842    0.42701863    0.23877396    0.23877396    0.22720626    0.23987949    0.25149422    0.31954261    0.32002981    0.31126302    0.03919410    0.00000000    0.03489028    0.04334573    0.03067004    0.03697750    0.08053591
T16            0.09402680    0.34799272    0.30740029    0.47007506    0.45140722    0.39739292    0.42187298    0.41044688    0.42701863    0.25095550    0.25095550    0.23913257    0.23612410    0.25453917    0.33695012    0.33749869    0.32855069    0.03705679    0.03489028    0.00000000    0.04982712    0.03701389    0.04554515    0.09206322
T20            0.10321333    0.37127972    0.33289599    0.46815318    0.44967603    0.39599013    0.42039121    0.40903376    0.42976053    0.25019364    0.25019364    0.23842526    0.24750554    0.26617669    0.33942079    0.33995705    0.33805971    0.05426287    0.04334573    0.04982712    0.00000000    0.03701389    0.04977600    0.10124575
T15            0.08940554    0.34698415    0.30648310    0.45229730    0.43013405    0.38568027    0.40973290    0.39854842    0.42701863    0.22395464    0.22395464    0.21268931    0.23313370    0.24846779    0.31613298    0.31660841    0.30787638    0.03705679    0.03067004    0.03701389    0.03701389    0.00000000    0.03697750    0.08053591
T18            0.07833647    0.31477848    0.27599036    0.43515740    0.41754809    0.36613391    0.38955395    0.37866905    0.41032003    0.21972891    0.21972891    0.20845943    0.22301981    0.23510519    0.29830638    0.29877158    0.29355245    0.04994939    0.03697750    0.04554515    0.04977600    0.03697750    0.00000000    0.07186746
T23            0.11283310    0.36814323    0.32297575    0.46721776    0.44456287    0.39922943    0.41967321    0.40834947    0.44131915    0.25365240    0.25365240    0.24179151    0.25095550    0.24815345    0.32450942    0.32504479    0.30937440    0.09216966    0.08053591    0.09206322    0.10124575    0.08053591    0.07186746    0.00000000

