24
T0             0.00000000    0.23381489    0.26614027    0.25483344    0.23805982    0.13966236    0.13479241    0.12762839    0.14456591    0.27164314    0.27164314    0.18901101    0.18849372    0.20527424    0.22751261    0.19376403    0.18849372    0.25792512    0.25214314    0.22980411    0.15246100    0.17856219    0.17761270    0.05185820
T12            0.23381489    0.00000000    0.07186501    0.12485981    0.13172830    0.26764818    0.27040634    0.25249674    0.27278488    0.37041014    0.37041014    0.29082071    0.29980466    0.32666193    0.35615886    0.31704572    0.32098701    0.37986353    0.36921820    0.35988831    0.27080795    0.29920108    0.28840783    0.27762108
T21            0.26614027    0.07186501    0.00000000    0.13420511    0.13868826    0.29495553    0.29780940    0.27914459    0.29693851    0.39846693    0.39456569    0.30557137    0.31473520    0.34942641    0.38377971    0.33583563    0.33989890    0.40431901    0.39328154    0.37609503    0.30831488    0.33500381    0.31655976    0.30542775
T18            0.25483344    0.12485981    0.13420511    0.00000000    0.07395653    0.28646085    0.28601817    0.27080795    0.29167092    0.38241909    0.37859249    0.30689069    0.31949369    0.33557516    0.36541788    0.30735379    0.31121352    0.36921820    0.35875207    0.35067595    0.30304998    0.31565276    0.31121352    0.28365130
T23            0.23805982    0.13172830    0.13868826    0.07395653    0.00000000    0.27518643    0.27167906    0.25996361    0.28041510    0.37235482    0.36864248    0.30185981    0.31430899    0.32638039    0.36298506    0.30475039    0.30847214    0.37328233    0.36284400    0.33783554    0.29451397    0.30689069    0.30268224    0.27874485
T2             0.13966236    0.26764818    0.29495553    0.28646085    0.27518643    0.00000000    0.02439623    0.03274803    0.04325425    0.22595128    0.22595128    0.13185689    0.13160777    0.15912467    0.17699244    0.14872014    0.15396599    0.20256830    0.19454027    0.19512561    0.12718429    0.13683534    0.14129823    0.17246987
T10            0.13479241    0.27040634    0.29780940    0.28601817    0.27167906    0.02439623    0.00000000    0.03073469    0.03907075    0.22333346    0.22333346    0.13919599    0.13892573    0.14900855    0.17452130    0.15112188    0.15637888    0.21069724    0.20256830    0.19766362    0.12240730    0.12732446    0.13643659    0.17268835
T17            0.12762839    0.25249674    0.27914459    0.27080795    0.25996361    0.03274803    0.03073469    0.00000000    0.02857303    0.20954471    0.20954471    0.12951663    0.12926374    0.14423736    0.16696426    0.13880288    0.14394163    0.19454027    0.18930104    0.17910650    0.11779365    0.12732446    0.13172830    0.15726204
T15            0.14456591    0.27278488    0.29693851    0.29167092    0.28041510    0.04325425    0.03907075    0.02857303    0.00000000    0.21703709    0.21703709    0.14142737    0.14117736    0.14646865    0.17414851    0.15087102    0.15608484    0.20237863    0.19436377    0.19726760    0.12951663    0.13919599    0.14367895    0.17492918
T9             0.27164314    0.37041014    0.39846693    0.38241909    0.37235482    0.22595128    0.22333346    0.20954471    0.21703709    0.00000000    0.00804441    0.26138814    0.26687564    0.27240545    0.31121352    0.28962994    0.29652021    0.34085477    0.33434419    0.33134963    0.27080795    0.27001542    0.27797825    0.30782853
T3             0.27164314    0.37041014    0.39456569    0.37859249    0.36864248    0.22595128    0.22333346    0.20954471    0.21703709    0.00804441    0.00000000    0.26138814    0.26687564    0.27481870    0.30355116    0.28962994    0.29652021    0.34085477    0.33434419    0.33134963    0.26846314    0.27001542    0.27797825    0.30782853
T7             0.18901101    0.29082071    0.30557137    0.30689069    0.30185981    0.13185689    0.13919599    0.12951663    0.14142737    0.26138814    0.26138814    0.00000000    0.00804441    0.19579407    0.23805982    0.19787560    0.20365834    0.25597175    0.24724978    0.24513001    0.18351049    0.19402467    0.18756638    0.21872876
T4             0.18849372    0.29980466    0.31473520    0.31949369    0.31430899    0.13160777    0.13892573    0.12926374    0.14117736    0.26687564    0.26687564    0.00804441    0.00000000    0.19533923    0.23741402    0.19746094    0.20319412    0.25540515    0.24671626    0.24455213    0.18302351    0.19351241    0.18715675    0.21812663
T20            0.20527424    0.32666193    0.34942641    0.33557516    0.32638039    0.15912467    0.14900855    0.14423736    0.14646865    0.27240545    0.27481870    0.19579407    0.19533923    0.00000000    0.10203494    0.17514621    0.17268835    0.22980411    0.22132521    0.21295774    0.18128990    0.19737736    0.19351241    0.23574711
T11            0.22751261    0.35615886    0.38377971    0.36541788    0.36298506    0.17699244    0.17452130    0.16696426    0.17414851    0.31121352    0.30355116    0.23805982    0.23741402    0.10203494    0.00000000    0.21038733    0.20782619    0.26065483    0.25485307    0.25361913    0.20557585    0.21936887    0.22102044    0.25904312
T1             0.19376403    0.31704572    0.33583563    0.30735379    0.30475039    0.14872014    0.15112188    0.13880288    0.15087102    0.28962994    0.28962994    0.19787560    0.19746094    0.17514621    0.21038733    0.00000000    0.01824834    0.06709406    0.06051069    0.09410628    0.18008790    0.19051975    0.19281201    0.21211873
T6             0.18849372    0.32098701    0.33989890    0.31121352    0.30847214    0.15396599    0.15637888    0.14394163    0.15608484    0.29652021    0.29652021    0.20365834    0.20319412    0.17268835    0.20782619    0.01824834    0.00000000    0.06938265    0.06276670    0.09419593    0.18302351    0.19351241    0.19579407    0.21238896
T16            0.25792512    0.37986353    0.40431901    0.36921820    0.37328233    0.20256830    0.21069724    0.19454027    0.20237863    0.34085477    0.34085477    0.25597175    0.25540515    0.22980411    0.26065483    0.06709406    0.06938265    0.00000000    0.00602724    0.14129823    0.23093565    0.24214990    0.25354627    0.26926574
T22            0.25214314    0.36921820    0.39328154    0.35875207    0.36284400    0.19454027    0.20256830    0.18930104    0.19436377    0.33434419    0.33434419    0.24724978    0.24671626    0.22132521    0.25485307    0.06051069    0.06276670    0.00602724    0.00000000    0.13643659    0.22829703    0.23947403    0.24483592    0.26339499
T8             0.22980411    0.35988831    0.37609503    0.35067595    0.33783554    0.19512561    0.19766362    0.17910650    0.19726760    0.33134963    0.33134963    0.24513001    0.24455213    0.21295774    0.25361913    0.09410628    0.09419593    0.14129823    0.13643659    0.00000000    0.21756268    0.22566822    0.23093565    0.25146686
T5             0.15246100    0.27080795    0.30831488    0.30304998    0.29451397    0.12718429    0.12240730    0.11779365    0.12951663    0.27080795    0.26846314    0.18351049    0.18302351    0.18128990    0.20557585    0.18008790    0.18302351    0.23093565    0.22829703    0.21756268    0.00000000    0.05200530    0.05846684    0.19709084
T19            0.17856219    0.29920108    0.33500381    0.31565276    0.30689069    0.13683534    0.12732446    0.12732446    0.13919599    0.27001542    0.27001542    0.19402467    0.19351241    0.19737736    0.21936887    0.19051975    0.19351241    0.24214990    0.23947403    0.22566822    0.05200530    0.00000000    0.06932189    0.21356410
T14            0.17761270    0.28840783    0.31655976    0.31121352    0.30268224    0.14129823    0.13643659    0.13172830    0.14367895    0.27797825    0.27797825    0.18756638    0.18715675    0.19351241    0.22102044    0.19281201    0.19579407    0.25354627    0.24483592    0.23093565    0.05846684    0.06932189    0.00000000    0.21812663
T13            0.05185820    0.27762108    0.30542775    0.28365130    0.27874485    0.17246987    0.17268835    0.15726204    0.17492918    0.30782853    0.30782853    0.21872876    0.21812663    0.23574711    0.25904312    0.21211873    0.21238896    0.26926574    0.26339499    0.25146686    0.19709084    0.21356410    0.21812663    0.00000000

