24
T1             0.00000000    0.46542530    0.46896356    0.46896356    0.34942745    0.35248788    0.35248788    0.34280003    0.37541254    0.36798619    0.14975741    0.33006261    0.18225058    0.18245768    0.19869036    0.21432699    0.21281982    0.22149516    0.21311379    0.14147931    0.14851668    0.15754755    0.16238020    0.14481060
T12            0.46542530    0.00000000    0.00200302    0.00200302    0.18692174    0.19220165    0.19220165    0.18720811    0.23863604    0.23558337    0.48174435    0.69780123    0.48370648    0.49677317    0.46993271    0.51388264    0.50754997    0.51245960    0.49420305    0.50871770    0.51650679    0.46384520    0.47548919    0.49278810
T17            0.46896356    0.00200302    0.00000000    0.00000000    0.18941516    0.19471167    0.19471167    0.18970048    0.24128408    0.23822207    0.48535264    0.70264428    0.48732870    0.50045790    0.47349139    0.51765162    0.51128647    0.51622033    0.49787437    0.51245960    0.52028975    0.46737379    0.47907252    0.49645131
T16            0.46896356    0.00200302    0.00000000    0.00000000    0.18941516    0.19471167    0.19471167    0.18970048    0.24128408    0.23822207    0.48535264    0.70264428    0.48732870    0.50045790    0.47349139    0.51765162    0.51128647    0.51622033    0.49787437    0.51245960    0.52028975    0.46737379    0.47907252    0.49645131
T20            0.34942745    0.18692174    0.18941516    0.18941516    0.00000000    0.02442339    0.02442339    0.01414169    0.13190442    0.12696994    0.35254093    0.54700780    0.36906060    0.36841975    0.34583479    0.38870287    0.37154865    0.38299122    0.37219036    0.38617735    0.38356868    0.36971502    0.37734405    0.34809264
T0             0.35248788    0.19220165    0.19471167    0.19471167    0.02442339    0.00000000    0.00000000    0.01823327    0.13425316    0.12930647    0.36313983    0.56676757    0.38367760    0.38299122    0.35611994    0.40231858    0.38231887    0.39398570    0.38299122    0.38937736    0.38676517    0.37666008    0.38437802    0.35114134
T8             0.35248788    0.19220165    0.19471167    0.19471167    0.02442339    0.00000000    0.00000000    0.01823327    0.13425316    0.12930647    0.36313983    0.56676757    0.38367760    0.38299122    0.35611994    0.40231858    0.38231887    0.39398570    0.38299122    0.38937736    0.38676517    0.37666008    0.38437802    0.35114134
T2             0.34280003    0.18720811    0.18970048    0.18970048    0.01414169    0.01823327    0.01823327    0.00000000    0.12956367    0.12464134    0.35322794    0.55347102    0.37351484    0.37284576    0.34998570    0.39581948    0.36841975    0.37981884    0.36906060    0.37914757    0.37660177    0.36659755    0.37419759    0.34145023
T7             0.37541254    0.23863604    0.24128408    0.24128408    0.13190442    0.13425316    0.13425316    0.12956367    0.00000000    0.00603665    0.38264300    0.59834659    0.41581324    0.42325025    0.40231858    0.45215711    0.41837642    0.42820884    0.41913590    0.40845806    0.41505546    0.40998177    0.42070090    0.40118282
T19            0.36798619    0.23558337    0.23822207    0.23822207    0.12696994    0.12930647    0.12930647    0.12464134    0.00603665    0.00000000    0.37875335    0.58720985    0.40771860    0.41505546    0.39448081    0.44361075    0.41028241    0.41991073    0.41100836    0.40046116    0.40699408    0.40191914    0.41250547    0.39328132
T10            0.14975741    0.48174435    0.48535264    0.48535264    0.35254093    0.36313983    0.36313983    0.35322794    0.38264300    0.37875335    0.00000000    0.26641575    0.14499818    0.14481060    0.15798287    0.16745413    0.17131724    0.17949369    0.17158383    0.17547501    0.18267380    0.17648015    0.17867787    0.16862148
T11            0.33006261    0.69780123    0.70264428    0.70264428    0.54700780    0.56676757    0.56676757    0.55347102    0.59834659    0.58720985    0.26641575    0.00000000    0.32891337    0.33303692    0.33602338    0.34032261    0.36174450    0.35798724    0.35866385    0.35114134    0.36096358    0.37632787    0.37875335    0.35798724
T18            0.18225058    0.48370648    0.48732870    0.48732870    0.36906060    0.38367760    0.38367760    0.37351484    0.41581324    0.40771860    0.14499818    0.32891337    0.00000000    0.03706086    0.09243082    0.10364491    0.09953381    0.10465120    0.09968078    0.20403406    0.20867629    0.19947762    0.19615747    0.19137599
T13            0.18245768    0.49677317    0.50045790    0.50045790    0.36841975    0.38299122    0.38299122    0.37284576    0.42325025    0.41505546    0.14481060    0.33303692    0.03706086    0.00000000    0.08996873    0.10353120    0.10177889    0.10690482    0.10192429    0.20941876    0.21408248    0.20484163    0.20148419    0.19667567
T14            0.19869036    0.46993271    0.47349139    0.47349139    0.34583479    0.35611994    0.35611994    0.34998570    0.40231858    0.39448081    0.15798287    0.33602338    0.09243082    0.08996873    0.00000000    0.05613975    0.06306108    0.06980972    0.06314940    0.21540192    0.22004291    0.20512954    0.20739693    0.19694856
T4             0.21432699    0.51388264    0.51765162    0.51765162    0.38870287    0.40231858    0.40231858    0.39581948    0.45215711    0.44361075    0.16745413    0.34032261    0.10364491    0.10353120    0.05613975    0.00000000    0.07179453    0.07862025    0.07188263    0.22671928    0.23138109    0.21054219    0.21281982    0.20797988
T6             0.21281982    0.50754997    0.51128647    0.51128647    0.37154865    0.38231887    0.38231887    0.36841975    0.41837642    0.41028241    0.17131724    0.36174450    0.09953381    0.10177889    0.06306108    0.07179453    0.00000000    0.01415544    0.01212583    0.23594612    0.23526712    0.22543531    0.22474942    0.21696174
T9             0.22149516    0.51245960    0.51622033    0.51622033    0.38299122    0.39398570    0.39398570    0.37981884    0.42820884    0.41991073    0.17949369    0.35798724    0.10465120    0.10690482    0.06980972    0.07862025    0.01415544    0.00000000    0.01417546    0.24501859    0.24126009    0.23439932    0.23365916    0.21988795
T15            0.21311379    0.49420305    0.49787437    0.49787437    0.37219036    0.38299122    0.38299122    0.36906060    0.41913590    0.41100836    0.17158383    0.35866385    0.09968078    0.10192429    0.06314940    0.07188263    0.01212583    0.01417546    0.00000000    0.23630061    0.23560162    0.22579278    0.22508751    0.21148403
T21            0.14147931    0.50871770    0.51245960    0.51245960    0.38617735    0.38937736    0.38937736    0.37914757    0.40845806    0.40046116    0.17547501    0.35114134    0.20403406    0.20941876    0.21540192    0.22671928    0.23594612    0.24501859    0.23630061    0.00000000    0.03272931    0.05877577    0.06530042    0.06091506
T23            0.14851668    0.51650679    0.52028975    0.52028975    0.38356868    0.38676517    0.38676517    0.37660177    0.41505546    0.40699408    0.18267380    0.36096358    0.20867629    0.21408248    0.22004291    0.23138109    0.23526712    0.24126009    0.23560162    0.03272931    0.00000000    0.07188263    0.07397306    0.07405933
T3             0.15754755    0.46384520    0.46737379    0.46737379    0.36971502    0.37666008    0.37666008    0.36659755    0.40998177    0.40191914    0.17648015    0.37632787    0.19947762    0.20484163    0.20512954    0.21054219    0.22543531    0.23439932    0.22579278    0.05877577    0.07188263    0.00000000    0.02242243    0.06131610
T22            0.16238020    0.47548919    0.47907252    0.47907252    0.37734405    0.38437802    0.38437802    0.37419759    0.42070090    0.41250547    0.17867787    0.37875335    0.19615747    0.20148419    0.20739693    0.21281982    0.22474942    0.23365916    0.22508751    0.06530042    0.07397306    0.02242243    0.00000000    0.06786645
T5             0.14481060    0.49278810    0.49645131    0.49645131    0.34809264    0.35114134    0.35114134    0.34145023    0.40118282    0.39328132    0.16862148    0.35798724    0.19137599    0.19667567    0.19694856    0.20797988    0.21696174    0.21988795    0.21148403    0.06091506    0.07405933    0.06131610    0.06786645    0.00000000

