24
T5             0.00000000    0.37934720    0.39382662    0.39382662    0.37248912    0.37515720    0.32887622    0.34618225    0.32929035    0.34816078    0.34764659    0.37467325    0.36883783    0.31072795    0.31287976    0.31954635    0.41259509    0.33271549    0.34178645    0.34136302    0.32509637    0.33661521    0.36299261    0.35897473
T4             0.37934720    0.00000000    0.00805173    0.01417502    0.10149480    0.10840843    0.21402373    0.23130581    0.22342069    0.23783415    0.23751343    0.25701297    0.28336452    0.21304188    0.20989476    0.21275031    0.29097597    0.22402358    0.24254376    0.25125117    0.23690223    0.23190172    0.28054858    0.27216675
T20            0.39382662    0.00805173    0.00000000    0.02242143    0.11095276    0.11795712    0.22233220    0.23395383    0.23190172    0.24651962    0.24618166    0.26903251    0.29586842    0.22433959    0.22110943    0.22402358    0.29710039    0.22957989    0.25428965    0.26316516    0.24854744    0.24349937    0.29301021    0.28450330
T13            0.39382662    0.01417502    0.02242143    0.00000000    0.11125114    0.11826107    0.22233220    0.23986824    0.23190172    0.25261579    0.25225905    0.26591793    0.29262182    0.22727967    0.22402358    0.22695492    0.30040115    0.23253737    0.25734684    0.26627007    0.25157671    0.24651962    0.29626752    0.28772909
T1             0.37248912    0.10149480    0.11095276    0.11125114    0.00000000    0.00602419    0.20628671    0.22342069    0.21792304    0.22695492    0.22663993    0.25496999    0.27811392    0.20535621    0.20223005    0.21077281    0.27929093    0.21334291    0.25261579    0.27413544    0.23850568    0.23287003    0.26591793    0.25462458
T17            0.37515720    0.10840843    0.11795712    0.11826107    0.00602419    0.00000000    0.21426610    0.23159878    0.22603932    0.23518083    0.23485907    0.26042297    0.28693770    0.21334291    0.21017804    0.21365337    0.28168994    0.21562237    0.26114167    0.28293138    0.24686782    0.23816490    0.27458968    0.26316516
T10            0.32887622    0.21402373    0.22233220    0.22233220    0.20628671    0.21426610    0.00000000    0.02444536    0.03697897    0.03710830    0.03705867    0.13436738    0.15899603    0.11733283    0.12450313    0.11964352    0.20142532    0.13202064    0.18308268    0.20168430    0.15674573    0.15952542    0.20325819    0.19013414
T18            0.34618225    0.23130581    0.23395383    0.23986824    0.22342069    0.23159878    0.02444536    0.00000000    0.04771327    0.05010260    0.05002450    0.14954115    0.17477102    0.12954230    0.13686436    0.13188289    0.20989476    0.13953072    0.19409458    0.21017804    0.16720688    0.17007005    0.22313387    0.20397480
T0             0.32929035    0.22342069    0.23190172    0.23190172    0.21792304    0.22603932    0.03697897    0.04771327    0.00000000    0.04134311    0.04129071    0.13451140    0.16214066    0.12720965    0.13451140    0.12954230    0.21246822    0.14477924    0.19158269    0.21047073    0.17007005    0.17297055    0.20070427    0.19863397
T21            0.34816078    0.23783415    0.24651962    0.25261579    0.22695492    0.23518083    0.03710830    0.05010260    0.04134311    0.00000000    0.00401108    0.14991545    0.17519994    0.12488486    0.13216642    0.12720965    0.19914532    0.13986861    0.19745485    0.21655074    0.17297055    0.17590886    0.21562237    0.20790887
T6             0.34764659    0.23751343    0.24618166    0.25225905    0.22663993    0.23485907    0.03705867    0.05002450    0.04129071    0.00401108    0.00000000    0.14972416    0.17498110    0.12230185    0.12954230    0.12462244    0.19610145    0.13717318    0.19716595    0.21623179    0.17274157    0.17566385    0.21533195    0.20761507
T19            0.37467325    0.25701297    0.26903251    0.26591793    0.25496999    0.26042297    0.13436738    0.14954115    0.13451140    0.14991545    0.14972416    0.00000000    0.13646217    0.15899603    0.16664091    0.16142448    0.25157671    0.17210681    0.22206046    0.23287003    0.20733062    0.20423245    0.24493263    0.22810902
T22            0.36883783    0.28336452    0.29586842    0.29262182    0.27811392    0.28693770    0.15899603    0.17477102    0.16214066    0.17519994    0.17498110    0.13646217    0.00000000    0.18220755    0.19244655    0.18432390    0.27458968    0.19265446    0.25569216    0.26700663    0.23130581    0.23454730    0.27703660    0.26557659
T11            0.31072795    0.21304188    0.22433959    0.22727967    0.20535621    0.21334291    0.11733283    0.12954230    0.12720965    0.12488486    0.12230185    0.15899603    0.18220755    0.00000000    0.03493023    0.03070052    0.12025865    0.04983016    0.17566385    0.19464741    0.15470388    0.15230555    0.19610145    0.17812811
T3             0.31287976    0.20989476    0.22110943    0.22402358    0.20223005    0.21017804    0.12450313    0.13686436    0.13451140    0.13216642    0.12954230    0.16664091    0.19244655    0.03493023    0.00000000    0.03701555    0.12256788    0.05633233    0.16741283    0.18606151    0.15193438    0.15730551    0.20142532    0.19158269
T15            0.31954635    0.21275031    0.22402358    0.22695492    0.21077281    0.21365337    0.11964352    0.13188289    0.12954230    0.12720965    0.12462244    0.16142448    0.18432390    0.03070052    0.03701555    0.00000000    0.12256788    0.05195370    0.16741283    0.18606151    0.14681168    0.14443154    0.19309791    0.17789314
T2             0.41259509    0.29097597    0.29710039    0.30040115    0.27929093    0.28168994    0.20142532    0.20989476    0.21246822    0.19914532    0.19610145    0.25157671    0.27458968    0.12025865    0.12256788    0.12256788    0.00000000    0.10125808    0.25066189    0.27456170    0.23221459    0.24454659    0.29097597    0.27777752
T14            0.33271549    0.22402358    0.22957989    0.23253737    0.21334291    0.21562237    0.13202064    0.13953072    0.14477924    0.13986861    0.13717318    0.17210681    0.19265446    0.04983016    0.05633233    0.05195370    0.10125808    0.00000000    0.18935389    0.20597367    0.17052213    0.17345446    0.21533195    0.19969348
T12            0.34178645    0.24254376    0.25428965    0.25734684    0.25261579    0.26114167    0.18308268    0.19409458    0.19158269    0.19745485    0.19716595    0.22206046    0.25569216    0.17566385    0.16741283    0.16741283    0.25066189    0.18935389    0.00000000    0.04331058    0.08071021    0.08310532    0.21792304    0.21017804
T8             0.34136302    0.25125117    0.26316516    0.26627007    0.27413544    0.28293138    0.20168430    0.21017804    0.21047073    0.21655074    0.21623179    0.23287003    0.26700663    0.19464741    0.18606151    0.18606151    0.27456170    0.20597367    0.04331058    0.00000000    0.09688004    0.10149480    0.24049738    0.23253737
T9             0.32509637    0.23690223    0.24854744    0.25157671    0.23850568    0.24686782    0.15674573    0.16720688    0.17007005    0.17297055    0.17274157    0.20733062    0.23130581    0.15470388    0.15193438    0.14681168    0.23221459    0.17052213    0.08071021    0.09688004    0.00000000    0.04977877    0.19793642    0.19914532
T16            0.33661521    0.23190172    0.24349937    0.24651962    0.23287003    0.23816490    0.15952542    0.17007005    0.17297055    0.17590886    0.17566385    0.20423245    0.23454730    0.15230555    0.15730551    0.14443154    0.24454659    0.17345446    0.08310532    0.10149480    0.04977877    0.00000000    0.20372653    0.19383176
T7             0.36299261    0.28054858    0.29301021    0.29626752    0.26591793    0.27458968    0.20325819    0.22313387    0.20070427    0.21562237    0.21533195    0.24493263    0.27703660    0.19610145    0.20142532    0.19309791    0.29097597    0.21533195    0.21792304    0.24049738    0.19793642    0.20372653    0.00000000    0.07842535
T23            0.35897473    0.27216675    0.28450330    0.28772909    0.25462458    0.26316516    0.19013414    0.20397480    0.19863397    0.20790887    0.20761507    0.22810902    0.26557659    0.17812811    0.19158269    0.17789314    0.27777752    0.19969348    0.21017804    0.23253737    0.19914532    0.19383176    0.07842535    0.00000000

