24
T22            0.00000000    0.22816515    0.27939657    0.19012317    0.19794703    0.20047056    0.21494089    0.21674841    0.21674841    0.19122644    0.22225986    0.22781524    0.24058564    0.19483212    0.20524381    0.24818884    0.23272828    0.14058551    0.18208939    0.22555442    0.23341529    0.23043626    0.22192741    0.13494705
T0             0.22816515    0.00000000    0.19122644    0.11778493    0.12979076    0.13964983    0.15098010    0.18872312    0.18323972    0.16714217    0.19348773    0.18504338    0.19097421    0.15724573    0.16978927    0.20779543    0.19073095    0.19074464    0.25070542    0.27522874    0.28546641    0.27892216    0.29159049    0.19483212
T18            0.27939657    0.19122644    0.00000000    0.15744698    0.17021936    0.17535112    0.18776257    0.22453105    0.23043626    0.21292631    0.22714421    0.22389659    0.23341529    0.19678621    0.20212509    0.23570727    0.23472352    0.24758658    0.30345686    0.32479981    0.33131175    0.33131175    0.33916045    0.25251132
T23            0.19012317    0.11778493    0.15744698    0.00000000    0.04790576    0.09205449    0.09833023    0.14254606    0.13746721    0.12499183    0.15744698    0.14693046    0.15244509    0.11078577    0.12253376    0.15244509    0.15188197    0.14879231    0.20536800    0.23451869    0.24631247    0.24018971    0.23754294    0.15331069
T7             0.19794703    0.12979076    0.17021936    0.04790576    0.00000000    0.10123544    0.11226551    0.14985965    0.14985965    0.13712970    0.16491096    0.16207953    0.16777882    0.10814240    0.11983653    0.15686822    0.14899563    0.15882800    0.21632081    0.25208717    0.25791059    0.25167307    0.24590757    0.15810045
T14            0.20047056    0.13964983    0.17535112    0.09205449    0.10123544    0.00000000    0.07599372    0.16006635    0.16006635    0.13948670    0.15686822    0.16714217    0.16755810    0.12994460    0.13697293    0.18872312    0.17490956    0.16658295    0.22870019    0.24858332    0.25748706    0.25126903    0.25478208    0.17388641
T11            0.21494089    0.15098010    0.18776257    0.09833023    0.11226551    0.07599372    0.00000000    0.15878596    0.15878596    0.14105448    0.17395823    0.17116826    0.17413095    0.14116679    0.15339199    0.20316941    0.18125504    0.16978927    0.22520377    0.26060888    0.26645731    0.26645731    0.26682654    0.17450277
T3             0.21674841    0.18872312    0.22453105    0.14254606    0.14985965    0.16006635    0.15878596    0.00000000    0.01210957    0.03710436    0.16227779    0.17000004    0.18076023    0.13260752    0.13964983    0.20016784    0.17781594    0.18485398    0.24492188    0.26926399    0.27845843    0.27201982    0.27246265    0.17853915
T21            0.21674841    0.18323972    0.23043626    0.13746721    0.14985965    0.16006635    0.15878596    0.01210957    0.00000000    0.03710436    0.16227779    0.16470575    0.17535112    0.13260752    0.13964983    0.20016784    0.17781594    0.18485398    0.24492188    0.26926399    0.27845843    0.27201982    0.27246265    0.17853915
T2             0.19122644    0.16714217    0.21292631    0.12499183    0.13712970    0.13948670    0.14105448    0.03710436    0.03710436    0.00000000    0.14422486    0.15171079    0.16207953    0.12022498    0.12964481    0.18622864    0.16450903    0.16581614    0.22666331    0.25357135    0.26251510    0.25627777    0.25667063    0.16512462
T10            0.22225986    0.19348773    0.22714421    0.15744698    0.16491096    0.15686822    0.17395823    0.16227779    0.16227779    0.14422486    0.00000000    0.07631126    0.08575326    0.14948935    0.15965845    0.19601023    0.17450277    0.19512781    0.24982670    0.27756314    0.28685220    0.28035079    0.29060912    0.19426748
T13            0.22781524    0.18504338    0.22389659    0.14693046    0.16207953    0.16714217    0.17116826    0.17000004    0.16470575    0.15171079    0.07631126    0.00000000    0.02660442    0.14422486    0.15652423    0.20132935    0.17697363    0.19203662    0.25251132    0.27393304    0.28314923    0.27671081    0.28685220    0.19678621
T15            0.24058564    0.19097421    0.23341529    0.15244509    0.16777882    0.16755810    0.17413095    0.18076023    0.17535112    0.16207953    0.08575326    0.02660442    0.00000000    0.14967040    0.16207953    0.20750491    0.18006717    0.19825962    0.25653804    0.28778974    0.29060912    0.28404348    0.29442090    0.20300305
T16            0.19483212    0.15724573    0.19678621    0.11078577    0.10814240    0.12994460    0.14116679    0.13260752    0.13260752    0.12022498    0.14948935    0.14422486    0.14967040    0.00000000    0.01006767    0.13010630    0.12937665    0.14038245    0.21008620    0.23414120    0.24590757    0.23980359    0.23414120    0.15005707
T20            0.20524381    0.16978927    0.20212509    0.12253376    0.11983653    0.13697293    0.15339199    0.13964983    0.13964983    0.12964481    0.15965845    0.15652423    0.16207953    0.01006767    0.00000000    0.14218276    0.14141618    0.15264924    0.21851202    0.24818884    0.26020220    0.25396477    0.24818884    0.16248447
T9             0.24818884    0.20779543    0.23570727    0.15244509    0.15686822    0.18872312    0.20316941    0.20016784    0.20016784    0.18622864    0.19601023    0.20132935    0.20750491    0.13010630    0.14218276    0.00000000    0.18776257    0.18925670    0.23414120    0.27713159    0.27671081    0.27671081    0.27713159    0.19678621
T1             0.23272828    0.19073095    0.23472352    0.15188197    0.14899563    0.17490956    0.18125504    0.17781594    0.17781594    0.16450903    0.17450277    0.17697363    0.18006717    0.12937665    0.14141618    0.18776257    0.00000000    0.19175767    0.26468091    0.28314923    0.29250248    0.28595853    0.29296541    0.19373865
T19            0.14058551    0.19074464    0.24758658    0.14879231    0.15882800    0.16658295    0.16978927    0.18485398    0.18485398    0.16581614    0.19512781    0.19203662    0.19825962    0.14038245    0.15264924    0.18925670    0.19175767    0.00000000    0.08588564    0.12052254    0.13530354    0.13027582    0.12052254    0.05632513
T6             0.18208939    0.25070542    0.30345686    0.20536800    0.21632081    0.22870019    0.22520377    0.24492188    0.24492188    0.22666331    0.24982670    0.25251132    0.25653804    0.21008620    0.21851202    0.23414120    0.26468091    0.08588564    0.00000000    0.14273975    0.15810045    0.15286158    0.14018733    0.10173354
T4             0.22555442    0.27522874    0.32479981    0.23451869    0.25208717    0.24858332    0.26060888    0.26926399    0.26926399    0.25357135    0.27756314    0.27393304    0.28778974    0.23414120    0.24818884    0.27713159    0.28314923    0.12052254    0.14273975    0.00000000    0.03077602    0.02866607    0.07169526    0.14728753
T12            0.23341529    0.28546641    0.33131175    0.24631247    0.25791059    0.25748706    0.26645731    0.27845843    0.27845843    0.26251510    0.28685220    0.28314923    0.29060912    0.24590757    0.26020220    0.27671081    0.29250248    0.13530354    0.15810045    0.03077602    0.00000000    0.00401612    0.08529448    0.16006635
T8             0.23043626    0.27892216    0.33131175    0.24018971    0.25167307    0.25126903    0.26645731    0.27201982    0.27201982    0.25627777    0.28035079    0.27671081    0.28404348    0.23980359    0.25396477    0.27671081    0.28595853    0.13027582    0.15286158    0.02866607    0.00401612    0.00000000    0.08069542    0.15484129
T5             0.22192741    0.29159049    0.33916045    0.23754294    0.24590757    0.25478208    0.26682654    0.27246265    0.27246265    0.25667063    0.29060912    0.28685220    0.29442090    0.23414120    0.24818884    0.27713159    0.29296541    0.12052254    0.14018733    0.07169526    0.08529448    0.08069542    0.00000000    0.14218276
T17            0.13494705    0.19483212    0.25251132    0.15331069    0.15810045    0.17388641    0.17450277    0.17853915    0.17853915    0.16512462    0.19426748    0.19678621    0.20300305    0.15005707    0.16248447    0.19678621    0.19373865    0.05632513    0.10173354    0.14728753    0.16006635    0.15484129    0.14218276    0.00000000

