24
T5             0.00000000    0.44348184    0.45984881    0.45290739    0.44854966    0.41244663    0.41651976    0.40588474    0.24403317    0.23942812    0.25049213    0.28218480    0.26335146    0.27939780    0.21035686    0.22389729    0.17092888    0.17828987    0.17224162    0.18300174    0.17853961    0.23043704    0.20769013    0.21306402
T11            0.44348184    0.00000000    0.16227814    0.13530380    0.13783680    0.11577881    0.11822489    0.11154294    0.42478754    0.39125471    0.41313734    0.41313734    0.40985310    0.41570040    0.35850722    0.37665606    0.36484859    0.36041935    0.34995237    0.35363493    0.38898830    0.47172606    0.42911038    0.43666380
T16            0.45984881    0.16227814    0.00000000    0.08993644    0.09227367    0.13395040    0.13642668    0.11972276    0.45808052    0.43148978    0.45459355    0.45025492    0.43827382    0.46621376    0.40486610    0.41212147    0.39971767    0.37721204    0.37915785    0.38293764    0.41281731    0.47759164    0.44869028    0.45636439
T7             0.45290739    0.13530380    0.08993644    0.00000000    0.01833282    0.12008793    0.12253396    0.10611271    0.41730489    0.39614963    0.41810491    0.41399816    0.41891982    0.42478754    0.37092401    0.38165002    0.37733853    0.37665606    0.36842692    0.37219268    0.40187698    0.47948481    0.43973649    0.44734646
T18            0.44854966    0.13783680    0.09227367    0.01833282    0.00000000    0.12253396    0.12499203    0.10851173    0.41321502    0.39218949    0.41399816    0.41810491    0.42307796    0.42059436    0.37468970    0.38548812    0.38119163    0.38049430    0.37219268    0.37598709    0.40588474    0.49334510    0.45231433    0.46008480
T20            0.41244663    0.11577881    0.13395040    0.12008793    0.12253396    0.00000000    0.01007283    0.04334403    0.40513453    0.39218949    0.40588474    0.41399816    0.40262547    0.43328116    0.34890801    0.36658630    0.34148954    0.32681317    0.32532500    0.33575636    0.38754665    0.45200701    0.42074498    0.42813847
T13            0.41651976    0.11822489    0.13642668    0.12253396    0.12499203    0.01007283    0.00000000    0.04549487    0.40513453    0.39218949    0.40588474    0.41399816    0.40262547    0.43082240    0.35251052    0.37030979    0.34148954    0.32681317    0.33575636    0.34641054    0.39146015    0.45638381    0.42476839    0.43221112
T4             0.40588474    0.11154294    0.11972276    0.10611271    0.10851173    0.04334403    0.04549487    0.00000000    0.39614963    0.38336533    0.38898830    0.40091669    0.38972991    0.41989376    0.34754051    0.36531542    0.33308701    0.31849843    0.31356809    0.32385634    0.38262715    0.44080689    0.40748084    0.41474991
T14            0.24403317    0.42478754    0.45808052    0.41730489    0.41321502    0.40513453    0.40513453    0.39614963    0.00000000    0.04994629    0.04338746    0.09186463    0.08502547    0.08289818    0.23641305    0.23835820    0.20495280    0.20750551    0.20668951    0.20668951    0.24324262    0.30248363    0.29892310    0.29852969
T15            0.23942812    0.39125471    0.43148978    0.39614963    0.39218949    0.39218949    0.39218949    0.38336533    0.04994629    0.00000000    0.03919226    0.08053007    0.07606258    0.07395322    0.21708322    0.21901005    0.19483267    0.19734923    0.19651903    0.19651903    0.21777943    0.29442225    0.27792803    0.28391841
T22            0.25049213    0.41313734    0.45459355    0.41810491    0.41399816    0.40588474    0.40588474    0.38898830    0.04338746    0.03919226    0.00000000    0.08963508    0.08281377    0.08069551    0.23678022    0.23570806    0.19959006    0.20779604    0.20413313    0.20413313    0.23754381    0.31319856    0.29605624    0.29566202
T10            0.28218480    0.41313734    0.45025492    0.41399816    0.41810491    0.41399816    0.41399816    0.40091669    0.09186463    0.08053007    0.08963508    0.00000000    0.08550977    0.09205460    0.25748807    0.26566431    0.21966723    0.22816593    0.22714495    0.22714495    0.24982770    0.31084260    0.29445375    0.29402479
T8             0.26335146    0.40985310    0.43827382    0.41891982    0.42307796    0.40262547    0.40262547    0.38972991    0.08502547    0.07606258    0.08281377    0.08550977    0.00000000    0.09216051    0.24246153    0.24438827    0.20840477    0.21674911    0.21292694    0.21292694    0.24324262    0.30348783    0.28674179    0.28636768
T23            0.27939780    0.41570040    0.46621376    0.42478754    0.42059436    0.43328116    0.43082240    0.41989376    0.08289818    0.07395322    0.08069551    0.09205460    0.09216051    0.00000000    0.25026211    0.25208816    0.22889450    0.21966723    0.22453177    0.22453177    0.25251233    0.31030009    0.29320077    0.29280577
T6             0.21035686    0.35850722    0.40486610    0.37092401    0.37468970    0.34890801    0.35251052    0.34754051    0.23641305    0.21708322    0.23678022    0.25748807    0.24246153    0.25026211    0.00000000    0.02442166    0.13530380    0.13260776    0.13462247    0.13965009    0.17853961    0.22976772    0.22988374    0.23543881
T12            0.22389729    0.37665606    0.41212147    0.38165002    0.38548812    0.36658630    0.37030979    0.36531542    0.23835820    0.21901005    0.23570806    0.26566431    0.24438827    0.25208816    0.02442166    0.00000000    0.14491306    0.14218303    0.13948695    0.14455284    0.18649269    0.23835820    0.24129156    0.24694257
T3             0.17092888    0.36484859    0.39971767    0.37733853    0.38119163    0.34148954    0.34148954    0.33308701    0.20495280    0.19483267    0.19959006    0.21966723    0.20840477    0.22889450    0.13530380    0.14491306    0.00000000    0.03077603    0.07622138    0.08078889    0.14809944    0.19483267    0.18425618    0.18946143
T17            0.17828987    0.36041935    0.37721204    0.37665606    0.38049430    0.32681317    0.32681317    0.31849843    0.20750551    0.19734923    0.20779604    0.22816593    0.21674911    0.21966723    0.13260776    0.14218303    0.03077603    0.00000000    0.07613846    0.08069551    0.14530559    0.18898600    0.18408181    0.18928164
T1             0.17224162    0.34995237    0.37915785    0.36842692    0.37219268    0.32532500    0.33575636    0.31356809    0.20668951    0.19651903    0.20413313    0.22714495    0.21292694    0.22453177    0.13462247    0.13948695    0.07622138    0.07613846    0.00000000    0.00806485    0.15206173    0.19879057    0.19401965    0.19928029
T0             0.18300174    0.35363493    0.38293764    0.37219268    0.37598709    0.33575636    0.34641054    0.32385634    0.20668951    0.19651903    0.20413313    0.22714495    0.21292694    0.22453177    0.13965009    0.14455284    0.08078889    0.08069551    0.00806485    0.00000000    0.15724606    0.20722423    0.20217690    0.20750473
T2             0.17853961    0.38898830    0.41281731    0.40187698    0.40588474    0.38754665    0.39146015    0.38262715    0.24324262    0.21777943    0.23754381    0.24982770    0.24324262    0.25251233    0.17853961    0.18649269    0.14809944    0.14530559    0.15206173    0.15724606    0.00000000    0.12546335    0.12459088    0.12937686
T9             0.23043704    0.47172606    0.47759164    0.47948481    0.49334510    0.45200701    0.45638381    0.44080689    0.30248363    0.29442225    0.31319856    0.31084260    0.30348783    0.31030009    0.22976772    0.23835820    0.19483267    0.18898600    0.19879057    0.20722423    0.12546335    0.00000000    0.10851173    0.11320237
T21            0.20769013    0.42911038    0.44869028    0.43973649    0.45231433    0.42074498    0.42476839    0.40748084    0.29892310    0.27792803    0.29605624    0.29445375    0.28674179    0.29320077    0.22988374    0.24129156    0.18425618    0.18408181    0.19401965    0.20217690    0.12459088    0.10851173    0.00000000    0.00401105
T19            0.21306402    0.43666380    0.45636439    0.44734646    0.46008480    0.42813847    0.43221112    0.41474991    0.29852969    0.28391841    0.29566202    0.29402479    0.28636768    0.29280577    0.23543881    0.24694257    0.18946143    0.18928164    0.19928029    0.20750473    0.12937686    0.11320237    0.00401105    0.00000000

