24
T10            0.00000000    0.33378043    0.33332311    0.31354849    0.31112271    0.29203740    0.37854297    0.37854297    0.38058563    0.33247934    0.33191117    0.33078620    0.33473254    0.30347039    0.30015575    0.29318617    0.37403173    0.32234838    0.32976008    0.31940321    0.37089445    0.17716685    0.19784750    0.18425250
T6             0.33378043    0.00000000    0.01417430    0.12994186    0.12498946    0.18572215    0.30059439    0.29074823    0.30178706    0.27200392    0.27477030    0.23810556    0.24128463    0.23768411    0.22882778    0.23736763    0.30680719    0.24210554    0.24003068    0.25684916    0.29074823    0.27829119    0.30059439    0.29074823
T5             0.33332311    0.01417430    0.00000000    0.14490903    0.13981769    0.19651175    0.31354849    0.30347039    0.31465409    0.28448911    0.28729770    0.24964447    0.25290984    0.24938963    0.24034608    0.24602338    0.31988669    0.25078376    0.25174718    0.26884867    0.30347039    0.28429043    0.30680719    0.29686298
T0             0.31354849    0.12994186    0.14490903    0.00000000    0.02241974    0.14254227    0.27798892    0.26839469    0.27034111    0.21776734    0.21741509    0.19509870    0.19806777    0.19734069    0.18897859    0.19705538    0.28925736    0.20211764    0.20015949    0.22191760    0.25747227    0.22975732    0.25588276    0.24437592
T14            0.31112271    0.12498946    0.13981769    0.02241974    0.00000000    0.14510098    0.28448911    0.27477030    0.28313348    0.22665052    0.22627193    0.20618591    0.20924819    0.20584531    0.19734069    0.19986622    0.29595395    0.20211764    0.21159667    0.22780453    0.26376760    0.23640060    0.25665704    0.24511496
T18            0.29203740    0.18572215    0.19651175    0.14254227    0.14510098    0.00000000    0.27628696    0.26369640    0.26265148    0.21641423    0.21899997    0.18894688    0.18642564    0.18213184    0.17412768    0.18733176    0.26406583    0.20339093    0.19853593    0.22300969    0.25514957    0.21986083    0.23943002    0.23062597
T3             0.37854297    0.30059439    0.31354849    0.27798892    0.28448911    0.27628696    0.00000000    0.01823236    0.05632465    0.20330468    0.20584531    0.19553321    0.19300776    0.20523554    0.19677906    0.19930682    0.27289881    0.19651175    0.20184365    0.22419975    0.26061001    0.30680719    0.34089354    0.32332699
T22            0.37854297    0.29074823    0.30347039    0.26839469    0.27477030    0.26369640    0.01823236    0.00000000    0.04977339    0.19763498    0.20015949    0.19236497    0.18984383    0.19958199    0.19121998    0.19373225    0.26969048    0.19373225    0.19904074    0.22128216    0.25747227    0.30347039    0.34089354    0.31988669
T1             0.38058563    0.30178706    0.31465409    0.27034111    0.28313348    0.26265148    0.05632465    0.04977339    0.00000000    0.20523554    0.20778722    0.20829860    0.20572686    0.19878377    0.19049137    0.19300776    0.27477030    0.20132315    0.21521098    0.22912788    0.26250099    0.30219052    0.34175831    0.32097097
T2             0.33247934    0.27200392    0.28448911    0.21776734    0.22665052    0.21641423    0.20330468    0.19763498    0.20523554    0.00000000    0.00805154    0.13243662    0.13511796    0.13082718    0.12332385    0.12812722    0.19793821    0.14510098    0.14273568    0.17387963    0.20682824    0.25747227    0.30164931    0.27521221
T23            0.33191117    0.27477030    0.28729770    0.21741509    0.22627193    0.21899997    0.20584531    0.20015949    0.20778722    0.00805154    0.00000000    0.12731209    0.12994186    0.13063456    0.12315002    0.12794865    0.20046178    0.14747431    0.14510098    0.17633097    0.20937552    0.26018743    0.30451370    0.27798892
T21            0.33078620    0.23810556    0.24964447    0.19509870    0.20618591    0.18894688    0.19553321    0.19236497    0.20829860    0.13243662    0.12731209    0.00000000    0.00602721    0.11233809    0.10760875    0.11464101    0.20924819    0.14354793    0.14617975    0.16641025    0.19553321    0.23647804    0.26265148    0.25048331
T15            0.33473254    0.24128463    0.25290984    0.19806777    0.20924819    0.18642564    0.19300776    0.18984383    0.20572686    0.13511796    0.12994186    0.00602721    0.00000000    0.11480616    0.10532476    0.11711268    0.21235191    0.14617975    0.14884537    0.16920518    0.19853593    0.23972532    0.26608778    0.25380724
T20            0.30347039    0.23768411    0.24938963    0.19734069    0.20584531    0.18213184    0.20523554    0.19958199    0.19878377    0.13082718    0.13063456    0.11233809    0.11480616    0.00000000    0.01415461    0.02031432    0.19986622    0.13446938    0.13494391    0.15244092    0.19734069    0.23146352    0.25751828    0.23943002
T13            0.30015575    0.22882778    0.24034608    0.18897859    0.19734069    0.17412768    0.19677906    0.19121998    0.19049137    0.12332385    0.12315002    0.10760875    0.10532476    0.01415461    0.00000000    0.01008413    0.19148074    0.12704081    0.12745952    0.14472515    0.18897859    0.22853746    0.25445767    0.23647804
T17            0.29318617    0.23736763    0.24602338    0.19705538    0.19986622    0.18733176    0.19930682    0.19373225    0.19300776    0.12812722    0.12794865    0.11464101    0.11711268    0.02031432    0.01008413    0.00000000    0.19958199    0.12964255    0.13477778    0.15224526    0.19705538    0.22535642    0.25109457    0.23327557
T16            0.37403173    0.30680719    0.31988669    0.28925736    0.29595395    0.26406583    0.27289881    0.26969048    0.27477030    0.19793821    0.20046178    0.20924819    0.21235191    0.19986622    0.19148074    0.19958199    0.00000000    0.11644365    0.10927330    0.13889253    0.16741655    0.31503515    0.35234720    0.33433667
T7             0.32234838    0.24210554    0.25078376    0.20211764    0.20211764    0.20339093    0.19651175    0.19373225    0.20132315    0.14510098    0.14747431    0.14354793    0.14617975    0.13446938    0.12704081    0.12964255    0.11644365    0.00000000    0.03064642    0.06074043    0.09487885    0.25514957    0.28876314    0.27588841
T9             0.32976008    0.24003068    0.25174718    0.20015949    0.21159667    0.19853593    0.20184365    0.19904074    0.21521098    0.14273568    0.14510098    0.14617975    0.14884537    0.13494391    0.12745952    0.13477778    0.10927330    0.03064642    0.00000000    0.05859772    0.09265423    0.25937314    0.28448911    0.27477030
T4             0.31940321    0.25684916    0.26884867    0.22191760    0.22780453    0.22300969    0.22419975    0.22128216    0.22912788    0.17387963    0.17633097    0.16641025    0.16920518    0.15244092    0.14472515    0.15224526    0.13889253    0.06074043    0.05859772    0.00000000    0.06081542    0.26719361    0.30150597    0.28833394
T11            0.37089445    0.29074823    0.30347039    0.25747227    0.26376760    0.25514957    0.26061001    0.25747227    0.26250099    0.20682824    0.20937552    0.19553321    0.19853593    0.19734069    0.18897859    0.19705538    0.16741655    0.09487885    0.09265423    0.06081542    0.00000000    0.30872034    0.34565984    0.33135514
T8             0.17716685    0.27829119    0.28429043    0.22975732    0.23640060    0.21986083    0.30680719    0.30347039    0.30219052    0.25747227    0.26018743    0.23647804    0.23972532    0.23146352    0.22853746    0.22535642    0.31503515    0.25514957    0.25937314    0.26719361    0.30872034    0.00000000    0.06492431    0.06050860
T19            0.19784750    0.30059439    0.30680719    0.25588276    0.25665704    0.23943002    0.34089354    0.34089354    0.34175831    0.30164931    0.30451370    0.26265148    0.26608778    0.25751828    0.25445767    0.25109457    0.35234720    0.28876314    0.28448911    0.30150597    0.34565984    0.06492431    0.00000000    0.03066914
T12            0.18425250    0.29074823    0.29686298    0.24437592    0.24511496    0.23062597    0.32332699    0.31988669    0.32097097    0.27521221    0.27798892    0.25048331    0.25380724    0.23943002    0.23647804    0.23327557    0.33433667    0.27588841    0.27477030    0.28833394    0.33135514    0.06050860    0.03066914    0.00000000

