24
T17            0.00000000    0.30951565    0.30264064    0.32820616    0.30320139    0.30550501    0.32465893    0.32465893    0.32465893    0.39594072    0.38806353    0.36022762    0.31979161    0.44141653    0.44483989    0.40799432    0.43979093    0.41868144    0.42283261    0.30000433    0.31254618    0.09684710    0.09697080    0.09934066
T4             0.30951565    0.00000000    0.00401609    0.03710268    0.01623171    0.05662217    0.09029245    0.08561919    0.08561919    0.21188634    0.20612154    0.21188634    0.18700358    0.38560115    0.39272554    0.34868797    0.37521907    0.35239298    0.34868797    0.26600525    0.27473130    0.29381837    0.28768762    0.29431198
T11            0.30264064    0.00401609    0.00000000    0.03284722    0.01212486    0.05662217    0.08561919    0.08098922    0.08098922    0.21188634    0.20612154    0.20612154    0.18149304    0.39347837    0.40069698    0.34135936    0.37521907    0.35239298    0.34868797    0.25961378    0.26825705    0.29050623    0.28440808    0.29098883
T23            0.32820616    0.03710268    0.03284722    0.00000000    0.04133653    0.08808059    0.11363662    0.11363662    0.10878178    0.25242913    0.24623571    0.24011810    0.21702570    0.42875311    0.43211748    0.38000245    0.41632376    0.39181866    0.38784880    0.29020920    0.30264064    0.31545500    0.30913224    0.31598359
T8             0.30320139    0.01623171    0.01212486    0.04133653    0.00000000    0.04790261    0.08110325    0.07650522    0.08341822    0.20644803    0.20073267    0.20073267    0.17630086    0.39424511    0.40148175    0.33475084    0.36823239    0.34199974    0.33836214    0.26008566    0.26873933    0.28440808    0.27836349    0.28487989
T10            0.30550501    0.05662217    0.05662217    0.08808059    0.04790261    0.00000000    0.09723993    0.09251141    0.09723993    0.22325098    0.21736742    0.22920463    0.20073267    0.40879764    0.41619465    0.35544316    0.36823239    0.34199974    0.33836214    0.27299296    0.28181545    0.29333580    0.28721590    0.29381837
T18            0.32465893    0.09029245    0.08561919    0.11363662    0.08110325    0.09723993    0.00000000    0.00401609    0.05626385    0.23634687    0.23037548    0.23786622    0.21347944    0.41207767    0.41950623    0.34373972    0.37372183    0.35106831    0.34739058    0.29356587    0.30264064    0.30862705    0.30574146    0.31254618
T22            0.32465893    0.08561919    0.08098922    0.11363662    0.07650522    0.09251141    0.00401609    0.00000000    0.05626385    0.23037548    0.22447460    0.23182258    0.20774773    0.41619465    0.42367472    0.34011534    0.36987422    0.34739058    0.34373972    0.30034759    0.30951565    0.30862705    0.30574146    0.31254618
T15            0.32465893    0.08561919    0.08098922    0.10878178    0.08341822    0.09723993    0.05626385    0.05626385    0.00000000    0.23708716    0.23107986    0.24623571    0.21995023    0.43979093    0.44755434    0.35717654    0.39341722    0.36987422    0.36605600    0.30034759    0.30606632    0.31202937    0.30574146    0.31254618
T19            0.39594072    0.21188634    0.21188634    0.25242913    0.20644803    0.22325098    0.23634687    0.23037548    0.23708716    0.00000000    0.00401609    0.15168979    0.10783249    0.46925433    0.47729483    0.40746249    0.43375159    0.41707629    0.40492509    0.34192662    0.34436511    0.40093947    0.39376091    0.40166921
T5             0.38806353    0.20612154    0.20612154    0.24623571    0.20073267    0.21736742    0.23037548    0.22447460    0.23107986    0.00401609    0.00000000    0.14658718    0.11020795    0.46043949    0.46836184    0.39952281    0.42534440    0.40894275    0.39698539    0.33478144    0.33721995    0.39306235    0.38597579    0.39376091
T14            0.36022762    0.21188634    0.20612154    0.24011810    0.20073267    0.22920463    0.23786622    0.23182258    0.24623571    0.15168979    0.14658718    0.00000000    0.08946426    0.44487125    0.45261005    0.35656344    0.40894275    0.39306235    0.38916986    0.30000433    0.30913224    0.35797556    0.35129647    0.35851898
T20            0.31979161    0.18700358    0.18149304    0.21702570    0.17630086    0.20073267    0.21347944    0.20774773    0.21995023    0.10783249    0.11020795    0.08946426    0.00000000    0.41884622    0.42629394    0.34324231    0.38417101    0.36889721    0.36515060    0.30102533    0.31017700    0.32817873    0.32178484    0.32865966
T16            0.44141653    0.38560115    0.39347837    0.42875311    0.39424511    0.40879764    0.41207767    0.41619465    0.43979093    0.46925433    0.46043949    0.44487125    0.41884622    0.00000000    0.00401104    0.11011767    0.14453220    0.12702876    0.12949203    0.41074570    0.41735619    0.45959340    0.45173416    0.45173416
T21            0.44483989    0.39272554    0.40069698    0.43211748    0.40148175    0.41619465    0.41950623    0.42367472    0.44755434    0.47729483    0.46836184    0.45261005    0.42629394    0.00401104    0.00000000    0.11479732    0.14946771    0.13183192    0.13431354    0.41809374    0.42476700    0.46310021    0.45520538    0.45520538
T7             0.40799432    0.34868797    0.34135936    0.38000245    0.33475084    0.35544316    0.34373972    0.34011534    0.35717654    0.40746249    0.39952281    0.35656344    0.34324231    0.11011767    0.11479732    0.00000000    0.08771114    0.07169054    0.07169054    0.34436881    0.35283967    0.41299298    0.40567080    0.40567080
T6             0.43979093    0.37521907    0.37521907    0.41632376    0.36823239    0.36823239    0.37372183    0.36987422    0.39341722    0.43375159    0.42534440    0.40894275    0.38417101    0.14453220    0.14946771    0.08771114    0.00000000    0.02653121    0.02862769    0.38170862    0.39594072    0.44054609    0.43290192    0.43290192
T13            0.41868144    0.35239298    0.35239298    0.39181866    0.34199974    0.34199974    0.35106831    0.34739058    0.36987422    0.41707629    0.40894275    0.39306235    0.36889721    0.12702876    0.13183192    0.07169054    0.02653121    0.00000000    0.01007275    0.36268814    0.37647576    0.41961363    0.41222922    0.41222922
T3             0.42283261    0.34868797    0.34868797    0.38784880    0.33836214    0.33836214    0.34739058    0.34373972    0.36605600    0.40492509    0.39698539    0.38916986    0.36515060    0.12949203    0.13431354    0.07169054    0.02862769    0.01007275    0.00000000    0.36268814    0.37647576    0.41553034    0.40819536    0.40819536
T12            0.30000433    0.26600525    0.25961378    0.29020920    0.26008566    0.27299296    0.29356587    0.30034759    0.30034759    0.34192662    0.33478144    0.30000433    0.30102533    0.41074570    0.41809374    0.34436881    0.38170862    0.36268814    0.36268814    0.00000000    0.02029402    0.31393912    0.30765115    0.31103045
T2             0.31254618    0.27473130    0.26825705    0.30264064    0.26873933    0.28181545    0.30264064    0.30951565    0.30606632    0.34436511    0.33721995    0.30913224    0.31017700    0.41735619    0.42476700    0.35283967    0.39594072    0.37647576    0.37647576    0.02029402    0.00000000    0.33017551    0.32373434    0.32720756
T0             0.09684710    0.29381837    0.29050623    0.31545500    0.28440808    0.29333580    0.30862705    0.30862705    0.31202937    0.40093947    0.39306235    0.35797556    0.32817873    0.45959340    0.46310021    0.41299298    0.44054609    0.41961363    0.41553034    0.31393912    0.33017551    0.00000000    0.00401104    0.00805149
T9             0.09697080    0.28768762    0.28440808    0.30913224    0.27836349    0.28721590    0.30574146    0.30574146    0.30574146    0.39376091    0.38597579    0.35129647    0.32178484    0.45173416    0.45520538    0.40567080    0.43290192    0.41222922    0.40819536    0.30765115    0.32373434    0.00401104    0.00000000    0.00401609
T1             0.09934066    0.29431198    0.29098883    0.31598359    0.28487989    0.29381837    0.31254618    0.31254618    0.31254618    0.40166921    0.39376091    0.35851898    0.32865966    0.45173416    0.45520538    0.40567080    0.43290192    0.41222922    0.40819536    0.31103045    0.32720756    0.00805149    0.00401609    0.00000000

