24
T22            0.00000000    0.25154230    0.23421620    0.31282641    0.28246039    0.31193033    0.29051678    0.28087472    0.27490850    0.29830371    0.30299749    0.30299749    0.32602248    0.32602248    0.23844546    0.23844546    0.22138908    0.21074715    0.14459033    0.14952946    0.08070689    0.08940980    0.06277043    0.07163070
T3             0.25154230    0.00000000    0.03497455    0.12585123    0.09519133    0.26350800    0.23353257    0.23054933    0.22792747    0.25451448    0.26814942    0.25874908    0.27033364    0.27033364    0.22138908    0.21559648    0.40151438    0.38014256    0.31621553    0.31669310    0.25800895    0.25907837    0.23658248    0.24819838
T12            0.23421620    0.03497455    0.00000000    0.11384599    0.07906161    0.26350800    0.24032310    0.23728504    0.23464652    0.23993327    0.25953099    0.25024735    0.26166756    0.26166756    0.21331688    0.20759081    0.38331321    0.36251570    0.30367091    0.30412606    0.23748257    0.24759806    0.22256390    0.23392498
T1             0.31282641    0.12585123    0.11384599    0.00000000    0.09951053    0.30844914    0.29696536    0.29363245    0.28422288    0.32741400    0.33993043    0.33162247    0.34916431    0.34916431    0.27687009    0.27367645    0.44131616    0.41870505    0.36201941    0.36258555    0.31329232    0.33448297    0.30279554    0.31574994
T14            0.28246039    0.09519133    0.07906161    0.09951053    0.00000000    0.29129076    0.28007259    0.27680502    0.27403792    0.29513625    0.30606265    0.29599652    0.30643507    0.31338112    0.26668162    0.26350800    0.43787306    0.41521974    0.35817891    0.35879693    0.27645594    0.29336224    0.27287955    0.28527189
T15            0.31193033    0.26350800    0.26350800    0.30844914    0.29129076    0.00000000    0.06289752    0.06067908    0.05413673    0.17931697    0.21400052    0.19186091    0.21879224    0.21879224    0.26347991    0.26038578    0.47538528    0.47361945    0.40521186    0.41248065    0.34362975    0.33009662    0.32118007    0.33101135
T5             0.29051678    0.23353257    0.24032310    0.29696536    0.28007259    0.06289752    0.00000000    0.02236567    0.01824870    0.16418539    0.19813948    0.17648090    0.19434490    0.19434490    0.24648560    0.24346643    0.46119846    0.45947745    0.37313282    0.38005926    0.32113225    0.30816809    0.29949640    0.30901766
T4             0.28087472    0.23054933    0.23728504    0.29363245    0.27680502    0.06067908    0.02236567    0.00000000    0.01414140    0.15898360    0.19263571    0.17121057    0.18330520    0.18330520    0.23748257    0.23451744    0.44393828    0.44214067    0.36201941    0.36882045    0.31085888    0.29505862    0.28332141    0.29257543
T19            0.27490850    0.22792747    0.23464652    0.28422288    0.27403792    0.05413673    0.01824870    0.01414140    0.00000000    0.15915127    0.19285250    0.17136912    0.19462535    0.19462535    0.23482866    0.23187230    0.44050770    0.43872162    0.35528544    0.36201941    0.30459283    0.29219924    0.28368909    0.29296310
T0             0.29830371    0.25451448    0.23993327    0.32741400    0.29513625    0.17931697    0.16418539    0.15898360    0.15915127    0.00000000    0.05221707    0.03281032    0.12105942    0.11858733    0.26623116    0.26312743    0.46738342    0.46560881    0.37628469    0.38323907    0.31579987    0.31028180    0.29582065    0.30858694
T10            0.30299749    0.26814942    0.25953099    0.33993043    0.30606265    0.21400052    0.19813948    0.19263571    0.19285250    0.05221707    0.00000000    0.04344115    0.14278218    0.14022770    0.28972838    0.28651457    0.45471456    0.45274289    0.35890419    0.36562532    0.30991465    0.30849266    0.29080993    0.30334580
T9             0.30299749    0.25874908    0.25024735    0.33162247    0.29599652    0.19186091    0.17648090    0.17121057    0.17136912    0.03281032    0.04344115    0.00000000    0.12301717    0.12055132    0.26458161    0.26152587    0.45471456    0.46133393    0.36977313    0.37661417    0.31669310    0.31175857    0.29721617    0.30989974
T23            0.32602248    0.27033364    0.26166756    0.34916431    0.30643507    0.21879224    0.19434490    0.18330520    0.19462535    0.12105942    0.14278218    0.12301717    0.00000000    0.00603651    0.27965982    0.27645594    0.46032907    0.45857723    0.39290787    0.40007327    0.34054383    0.32802787    0.30655977    0.31621553
T7             0.32602248    0.27033364    0.26166756    0.34916431    0.31338112    0.21879224    0.19434490    0.18330520    0.19462535    0.11858733    0.14022770    0.12055132    0.00603651    0.00000000    0.27965982    0.27645594    0.46032907    0.45857723    0.39290787    0.40007327    0.34054383    0.32802787    0.30655977    0.31621553
T18            0.23844546    0.22138908    0.21331688    0.27687009    0.26668162    0.26347991    0.24648560    0.23748257    0.23482866    0.26623116    0.28972838    0.26458161    0.27965982    0.27965982    0.00000000    0.00602418    0.38464494    0.37139116    0.30776114    0.31400790    0.25002194    0.24112759    0.23216931    0.23195928
T21            0.23844546    0.21559648    0.20759081    0.27367645    0.26350800    0.26038578    0.24346643    0.23451744    0.23187230    0.26312743    0.28651457    0.26152587    0.27645594    0.27645594    0.00602418    0.00000000    0.38464494    0.37139116    0.30776114    0.31400790    0.25002194    0.24112759    0.22686226    0.22664847
T8             0.22138908    0.40151438    0.38331321    0.44131616    0.43787306    0.47538528    0.46119846    0.44393828    0.44050770    0.46738342    0.45471456    0.45471456    0.46032907    0.46032907    0.38464494    0.38464494    0.00000000    0.01619081    0.14204906    0.14696859    0.22758388    0.24184259    0.22497079    0.23653383
T20            0.21074715    0.38014256    0.36251570    0.41870505    0.41521974    0.47361945    0.45947745    0.44214067    0.43872162    0.46560881    0.45274289    0.46133393    0.45857723    0.45857723    0.37139116    0.37139116    0.01619081    0.00000000    0.13247260    0.13732965    0.21105806    0.23090184    0.21427480    0.22566915
T6             0.14459033    0.31621553    0.30367091    0.36201941    0.35817891    0.40521186    0.37313282    0.36201941    0.35528544    0.37628469    0.35890419    0.36977313    0.39290787    0.39290787    0.30776114    0.30776114    0.14204906    0.13247260    0.00000000    0.00401107    0.15770678    0.16253556    0.14495383    0.15509194
T16            0.14952946    0.31669310    0.30412606    0.36258555    0.35879693    0.41248065    0.38005926    0.36882045    0.36201941    0.38323907    0.36562532    0.37661417    0.40007327    0.40007327    0.31400790    0.31400790    0.14696859    0.13732965    0.00401107    0.00000000    0.16275261    0.16761205    0.14990316    0.16011701
T13            0.08070689    0.25800895    0.23748257    0.31329232    0.27645594    0.34362975    0.32113225    0.31085888    0.30459283    0.31579987    0.30991465    0.31669310    0.34054383    0.34054383    0.25002194    0.25002194    0.22758388    0.21105806    0.15770678    0.16275261    0.00000000    0.10114594    0.06953071    0.07851116
T2             0.08940980    0.25907837    0.24759806    0.33448297    0.29336224    0.33009662    0.30816809    0.29505862    0.29219924    0.31028180    0.30849266    0.31175857    0.32802787    0.32802787    0.24112759    0.24112759    0.24184259    0.23090184    0.16253556    0.16761205    0.10114594    0.00000000    0.08040184    0.08489172
T17            0.06277043    0.23658248    0.22256390    0.30279554    0.27287955    0.32118007    0.29949640    0.28332141    0.28368909    0.29582065    0.29080993    0.29721617    0.30655977    0.30655977    0.23216931    0.22686226    0.22497079    0.21427480    0.14495383    0.14990316    0.06953071    0.08040184    0.00000000    0.00805169
T11            0.07163070    0.24819838    0.23392498    0.31574994    0.28527189    0.33101135    0.30901766    0.29257543    0.29296310    0.30858694    0.30334580    0.30989974    0.31621553    0.31621553    0.23195928    0.22664847    0.23653383    0.22566915    0.15509194    0.16011701    0.07851116    0.08489172    0.00805169    0.00000000

