24
T2             0.00000000    0.19852718    0.22067386    0.19650304    0.19624486    0.22508291    0.19323194    0.21004909    0.38266287    0.36847256    0.36127125    0.16657328    0.16431139    0.15848911    0.16581508    0.14593422    0.15097357    0.15351246    0.16350066    0.20131412    0.20060267    0.16854762    0.17677471    0.19004272
T10            0.19852718    0.00000000    0.06931795    0.09652486    0.09643013    0.12267134    0.16754705    0.18099496    0.38348865    0.36793036    0.36062337    0.18845551    0.18621417    0.18212461    0.19235689    0.16938354    0.18050761    0.18322631    0.18547781    0.22553099    0.23041315    0.18571443    0.19511037    0.20838484
T23            0.22067386    0.06931795    0.00000000    0.10813846    0.10803071    0.14200585    0.19147239    0.20552600    0.40807157    0.38430018    0.37682932    0.21320496    0.21094350    0.20361749    0.21132264    0.19599575    0.19599575    0.19877494    0.20667293    0.24895840    0.24777729    0.20693512    0.22418818    0.23339132
T18            0.19650304    0.09652486    0.10813846    0.00000000    0.00805153    0.13432331    0.16469558    0.18074693    0.39188454    0.37629737    0.36896376    0.19095998    0.19425164    0.19004272    0.19762792    0.17716000    0.18253877    0.18525005    0.19575571    0.22158377    0.23237741    0.19004272    0.19599575    0.21548711
T15            0.19624486    0.09643013    0.10803071    0.00805153    0.00000000    0.13418914    0.16449924    0.18050761    0.39129594    0.37577928    0.36847256    0.19071718    0.19398325    0.18983596    0.19742620    0.17696296    0.18232725    0.18503117    0.19552479    0.22127094    0.23205895    0.18712474    0.20131412    0.21520053
T21            0.22508291    0.12267134    0.14200585    0.13432331    0.13418914    0.00000000    0.20748732    0.22190611    0.42066960    0.41604467    0.40819209    0.22911595    0.22974515    0.23088334    0.23592276    0.21724814    0.22011506    0.22299854    0.22534510    0.24332888    0.25444289    0.22220777    0.24332888    0.26131187
T4             0.19323194    0.16754705    0.19147239    0.16469558    0.16449924    0.20748732    0.00000000    0.05653961    0.37278368    0.36594032    0.35137858    0.17606465    0.17116846    0.17511424    0.17984214    0.15764626    0.17043524    0.17311746    0.17803561    0.20902905    0.21382709    0.17780364    0.19985699    0.19174196
T14            0.21004909    0.18099496    0.20552600    0.18074693    0.18050761    0.22190611    0.05653961    0.00000000    0.39181958    0.37714735    0.36225987    0.18980893    0.18761692    0.18595990    0.19903183    0.17361232    0.18454733    0.18731893    0.19230768    0.22663778    0.22924656    0.18870854    0.21415210    0.20015013
T17            0.38266287    0.38348865    0.40807157    0.39188454    0.39129594    0.42066960    0.37278368    0.39181958    0.00000000    0.04565792    0.03492678    0.37593274    0.37714735    0.38227179    0.38807795    0.37653323    0.37909540    0.38287328    0.38546203    0.43139612    0.44326692    0.40546958    0.42008752    0.39438155
T22            0.36847256    0.36793036    0.38430018    0.37629737    0.37577928    0.41604467    0.36594032    0.37714735    0.04565792    0.00000000    0.01620804    0.35444715    0.35552464    0.35700960    0.36270694    0.35497938    0.36480910    0.36848951    0.37106504    0.41975165    0.43139612    0.39438155    0.40874987    0.40289449
T20            0.36127125    0.36062337    0.37682932    0.36896376    0.36847256    0.40819209    0.35137858    0.36225987    0.03492678    0.01620804    0.00000000    0.34729707    0.34832289    0.35342180    0.35910627    0.34780357    0.35752871    0.36115563    0.36373125    0.41161030    0.42308539    0.38667997    0.39697015    0.38730993
T13            0.16657328    0.18845551    0.21320496    0.19095998    0.19071718    0.22911595    0.17606465    0.18980893    0.37593274    0.35444715    0.34729707    0.00000000    0.03701200    0.08476616    0.09838326    0.08039137    0.13511389    0.13764006    0.14490437    0.18454733    0.18924112    0.15723620    0.16776737    0.16799614
T6             0.16431139    0.18621417    0.21094350    0.19425164    0.19398325    0.22974515    0.17116846    0.18761692    0.37714735    0.35552464    0.34832289    0.03701200    0.00000000    0.08488009    0.09619046    0.07825481    0.13295931    0.13548549    0.14273107    0.18513649    0.18980893    0.16027206    0.16605075    0.16847899
T0             0.15848911    0.18212461    0.20361749    0.19004272    0.18983596    0.23088334    0.17511424    0.18595990    0.38227179    0.35700960    0.35342180    0.08476616    0.08488009    0.00000000    0.03485704    0.05613096    0.12703738    0.12950116    0.13446551    0.17803561    0.18275914    0.15394446    0.14884063    0.15927520
T16            0.16581508    0.19235689    0.21132264    0.19762792    0.19742620    0.23592276    0.17984214    0.19903183    0.38807795    0.36270694    0.35910627    0.09838326    0.09619046    0.03485704    0.00000000    0.05827862    0.13654513    0.13903966    0.14406643    0.18005519    0.18482121    0.16379914    0.16379914    0.17449220
T1             0.14593422    0.16938354    0.19599575    0.17716000    0.17696296    0.21724814    0.15764626    0.17361232    0.37653323    0.35497938    0.34780357    0.08039137    0.07825481    0.05613096    0.05827862    0.00000000    0.11764887    0.12008265    0.12716906    0.16533537    0.16998889    0.14421773    0.13917825    0.15463777
T11            0.15097357    0.18050761    0.19599575    0.18253877    0.18232725    0.22011506    0.17043524    0.18454733    0.37909540    0.36480910    0.35752871    0.13511389    0.13295931    0.12703738    0.13654513    0.11764887    0.00000000    0.00200402    0.03277435    0.11078112    0.11065249    0.10575693    0.09867974    0.10349066
T8             0.15351246    0.18322631    0.19877494    0.18525005    0.18503117    0.22299854    0.17311746    0.18731893    0.38287328    0.36848951    0.36115563    0.13764006    0.13548549    0.12950116    0.13903966    0.12008265    0.00200402    0.00000000    0.03488868    0.11319726    0.11306279    0.10813846    0.10102767    0.10586654
T7             0.16350066    0.18547781    0.20667293    0.19575571    0.19552479    0.22534510    0.17803561    0.19230768    0.38546203    0.37106504    0.36373125    0.14490437    0.14273107    0.13446551    0.14406643    0.12716906    0.03277435    0.03488868    0.00000000    0.12761121    0.12745600    0.11995339    0.12239311    0.12993819
T9             0.20131412    0.22553099    0.24895840    0.22158377    0.22127094    0.24332888    0.20902905    0.22663778    0.43139612    0.41975165    0.41161030    0.18454733    0.18513649    0.17803561    0.18005519    0.16533537    0.11078112    0.11319726    0.12761121    0.00000000    0.02866568    0.10879009    0.13243278    0.14314168
T12            0.20060267    0.23041315    0.24777729    0.23237741    0.23205895    0.25444289    0.21382709    0.22924656    0.44326692    0.43139612    0.42308539    0.18924112    0.18980893    0.18275914    0.18482121    0.16998889    0.11065249    0.11306279    0.12745600    0.02866568    0.00000000    0.12298049    0.14200585    0.15285147
T19            0.16854762    0.18571443    0.20693512    0.19004272    0.18712474    0.22220777    0.17780364    0.18870854    0.40546958    0.39438155    0.38667997    0.15723620    0.16027206    0.15394446    0.16379914    0.14421773    0.10575693    0.10813846    0.11995339    0.10879009    0.12298049    0.00000000    0.11522690    0.12545656
T3             0.17677471    0.19511037    0.22418818    0.19599575    0.20131412    0.24332888    0.19985699    0.21415210    0.42008752    0.40874987    0.39697015    0.16776737    0.16605075    0.14884063    0.16379914    0.13917825    0.09867974    0.10102767    0.12239311    0.13243278    0.14200585    0.11522690    0.00000000    0.06727781
T5             0.19004272    0.20838484    0.23339132    0.21548711    0.21520053    0.26131187    0.19174196    0.20015013    0.39438155    0.40289449    0.38730993    0.16799614    0.16847899    0.15927520    0.17449220    0.15463777    0.10349066    0.10586654    0.12993819    0.14314168    0.15285147    0.12545656    0.06727781    0.00000000

