24
T0             0.00000000    0.20155965    0.21289611    0.21233069    0.21698072    0.24776004    0.23673756    0.21577089    0.21180285    0.37699296    0.29415016    0.27230754    0.26403150    0.25044651    0.19487901    0.21723716    0.21345115    0.18944245    0.21367074    0.22745196    0.23087113    0.23438102    0.25171692    0.27307240
T10            0.20155965    0.00000000    0.01419999    0.01415452    0.07185808    0.09238800    0.07673593    0.10700770    0.10878685    0.26109302    0.19783038    0.19703595    0.19009508    0.17773598    0.12513133    0.13259594    0.13696208    0.11319411    0.14471540    0.14984505    0.13242846    0.12776997    0.17090741    0.17386367
T13            0.21289611    0.01419999    0.00000000    0.02034037    0.08330192    0.09948164    0.08368168    0.11929638    0.12101520    0.27027186    0.20616687    0.21124739    0.20426644    0.19170931    0.13763506    0.14529039    0.14965637    0.12545237    0.15763971    0.16290457    0.14509068    0.14036838    0.17904060    0.18760608
T8             0.21233069    0.01415452    0.02034037    0.00000000    0.07185808    0.10397813    0.08808436    0.11890593    0.12067272    0.26968034    0.20570847    0.19984606    0.19289736    0.18049954    0.13259594    0.14017382    0.14200114    0.12051290    0.15242978    0.15763971    0.14471540    0.13529081    0.17904060    0.18206366
T7             0.21698072    0.07185808    0.08330192    0.07185808    0.00000000    0.12528798    0.10893940    0.12314245    0.12993409    0.26662083    0.20806646    0.22973124    0.21381424    0.20107116    0.15964269    0.16489366    0.16449296    0.14200114    0.17222343    0.18570580    0.15945189    0.15984186    0.19676006    0.19984606
T18            0.24776004    0.09238800    0.09948164    0.10397813    0.12528798    0.00000000    0.05194646    0.13865408    0.14036838    0.28462117    0.23969871    0.24853651    0.23525753    0.22221808    0.17931534    0.18206366    0.19480448    0.16847087    0.20582314    0.22032351    0.18730843    0.17904060    0.23829868    0.24178235
T21            0.23673756    0.07673593    0.08368168    0.08808436    0.10893940    0.05194646    0.00000000    0.11950279    0.12869993    0.28386660    0.23236337    0.22923022    0.21628024    0.20355838    0.17196818    0.16387880    0.17631479    0.15114749    0.18760608    0.19670585    0.17989044    0.16953589    0.22221808    0.21371789
T17            0.21577089    0.10700770    0.11929638    0.11890593    0.12314245    0.13865408    0.11950279    0.00000000    0.04776561    0.27336934    0.20897691    0.21413886    0.19854955    0.18049954    0.14529039    0.14529039    0.15482583    0.12794054    0.16026520    0.16776006    0.15591838    0.15855778    0.19571546    0.18482718
T11            0.21180285    0.10878685    0.12101520    0.12067272    0.12993409    0.14036838    0.12869993    0.04776561    0.00000000    0.27836804    0.21649665    0.19598648    0.18346423    0.16579616    0.13446149    0.14709156    0.14644495    0.11995027    0.15685375    0.16169362    0.14509068    0.14253242    0.18398336    0.17605604
T3             0.37699296    0.26109302    0.27027186    0.26968034    0.26662083    0.28462117    0.28386660    0.27336934    0.27836804    0.00000000    0.08939549    0.39281107    0.37310111    0.37216022    0.31592216    0.31260898    0.32779485    0.29702156    0.32817717    0.33156907    0.33498416    0.32897935    0.38426262    0.37363244
T19            0.29415016    0.19783038    0.20616687    0.20570847    0.20806646    0.23969871    0.23236337    0.20897691    0.21649665    0.08939549    0.00000000    0.32478290    0.31011785    0.30241458    0.24775062    0.26295661    0.26167156    0.23591064    0.24988618    0.26813379    0.26813379    0.27194122    0.30587448    0.30631143
T14            0.27230754    0.19703595    0.21124739    0.19984606    0.22973124    0.24853651    0.22923022    0.21413886    0.19598648    0.39281107    0.32478290    0.00000000    0.02646190    0.05398963    0.15723012    0.17580583    0.17757278    0.14984505    0.19928755    0.20436973    0.19649317    0.19761462    0.21481585    0.22848491
T22            0.26403150    0.19009508    0.20426644    0.19289736    0.21381424    0.23525753    0.21628024    0.19854955    0.18346423    0.37310111    0.31011785    0.02646190    0.00000000    0.03485681    0.14529039    0.15831596    0.16004937    0.13295440    0.18124261    0.18620495    0.17851682    0.18235454    0.19921722    0.20969595
T6             0.25044651    0.17773598    0.19170931    0.18049954    0.20107116    0.22221808    0.20355838    0.18049954    0.16579616    0.37216022    0.30241458    0.05398963    0.03485681    0.00000000    0.13355051    0.14640859    0.14808286    0.12138796    0.16629756    0.17386367    0.16629756    0.17011827    0.18393702    0.19136911
T15            0.19487901    0.12513133    0.13763506    0.13259594    0.15964269    0.17931534    0.17196818    0.14529039    0.13446149    0.31592216    0.24775062    0.15723012    0.14529039    0.13355051    0.00000000    0.06098365    0.05846289    0.04334302    0.11052872    0.13696208    0.11270238    0.11562181    0.13728265    0.13998720
T4             0.21723716    0.13259594    0.14529039    0.14017382    0.16489366    0.18206366    0.16387880    0.14529039    0.14709156    0.31260898    0.26295661    0.17580583    0.15831596    0.14640859    0.06098365    0.00000000    0.03924481    0.05859609    0.12978071    0.13947525    0.12484130    0.12794054    0.15263333    0.14509068
T12            0.21345115    0.13696208    0.14965637    0.14200114    0.16449296    0.19480448    0.17631479    0.15482583    0.14644495    0.32779485    0.26167156    0.17757278    0.16004937    0.14808286    0.05846289    0.03924481    0.00000000    0.05616845    0.12924608    0.14140595    0.12679461    0.12978071    0.15444636    0.15723012
T20            0.18944245    0.11319411    0.12545237    0.12051290    0.14200114    0.16847087    0.15114749    0.12794054    0.11995027    0.29702156    0.23591064    0.14984505    0.13295440    0.12138796    0.04334302    0.05859609    0.05616845    0.00000000    0.10102560    0.11995027    0.10102560    0.10146316    0.13009532    0.12776997
T5             0.21367074    0.14471540    0.15763971    0.15242978    0.17222343    0.20582314    0.18760608    0.16026520    0.15685375    0.32817717    0.24988618    0.19928755    0.18124261    0.16629756    0.11052872    0.12978071    0.12924608    0.10102560    0.00000000    0.12936785    0.13932065    0.13998720    0.17042761    0.17066328
T16            0.22745196    0.14984505    0.16290457    0.15763971    0.18570580    0.22032351    0.19670585    0.16776006    0.16169362    0.33156907    0.26813379    0.20436973    0.18620495    0.17386367    0.13696208    0.13947525    0.14140595    0.11995027    0.12936785    0.00000000    0.15169768    0.14984505    0.17264930    0.17020043
T1             0.23087113    0.13242846    0.14509068    0.14471540    0.15945189    0.18730843    0.17989044    0.15591838    0.14509068    0.33498416    0.26813379    0.19649317    0.17851682    0.16629756    0.11270238    0.12484130    0.12679461    0.10102560    0.13932065    0.15169768    0.00000000    0.03694597    0.08308388    0.08318937
T9             0.23438102    0.12776997    0.14036838    0.13529081    0.15984186    0.17904060    0.16953589    0.15855778    0.14253242    0.32897935    0.27194122    0.19761462    0.18235454    0.17011827    0.11562181    0.12794054    0.12978071    0.10146316    0.13998720    0.14984505    0.03694597    0.00000000    0.08099207    0.08342150
T2             0.25171692    0.17090741    0.17904060    0.17904060    0.19676006    0.23829868    0.22221808    0.19571546    0.18398336    0.38426262    0.30587448    0.21481585    0.19921722    0.18393702    0.13728265    0.15263333    0.15444636    0.13009532    0.17042761    0.17264930    0.08308388    0.08099207    0.00000000    0.08110630
T23            0.27307240    0.17386367    0.18760608    0.18206366    0.19984606    0.24178235    0.21371789    0.18482718    0.17605604    0.37363244    0.30631143    0.22848491    0.20969595    0.19136911    0.13998720    0.14509068    0.15723012    0.12776997    0.17066328    0.17020043    0.08318937    0.08342150    0.08110630    0.00000000

