24
T21            0.00000000    0.16732504    0.15685103    0.22219184    0.21697569    0.18073416    0.17851235    0.17310540    0.19984045    0.23203852    0.24097062    0.17287121    0.18297594    0.31205890    0.31205890    0.31893568    0.33566216    0.29905482    0.32886552    0.29812245    0.27749576    0.24063603    0.24364018    0.25782787
T1             0.16732504    0.00000000    0.04549351    0.11270119    0.10575345    0.10186718    0.08795270    0.08330088    0.21929169    0.23673251    0.24867770    0.18819833    0.19851327    0.34498197    0.34498197    0.34860743    0.38087788    0.33128005    0.35900987    0.31057603    0.28959877    0.25747852    0.25747852    0.27193239
T0             0.15685103    0.04549351    0.00000000    0.08927495    0.08254483    0.09238680    0.08330088    0.07869198    0.21704000    0.23733412    0.24935122    0.18869452    0.19675489    0.34025909    0.34025909    0.34383266    0.36843586    0.32672109    0.35411412    0.30386109    0.27664693    0.24598707    0.24298293    0.25408961
T11            0.22219184    0.11270119    0.08927495    0.00000000    0.02660367    0.15444364    0.14965365    0.14453743    0.28182665    0.28776934    0.30713490    0.24236596    0.25346153    0.38540364    0.38540364    0.39690608    0.42330216    0.37471830    0.40800293    0.34775702    0.33766811    0.31004863    0.31004863    0.32557629
T18            0.21697569    0.10575345    0.08254483    0.02660367    0.00000000    0.14708899    0.14234472    0.13728035    0.27943496    0.29162941    0.30134272    0.24598707    0.25713957    0.39045277    0.39045277    0.40213463    0.42867105    0.37963748    0.40937103    0.34523259    0.33515633    0.30752396    0.30752396    0.32301279
T16            0.18073416    0.10186718    0.09238680    0.15444364    0.14708899    0.00000000    0.09531393    0.09057380    0.23409127    0.25170917    0.26402244    0.20209224    0.20975310    0.32968927    0.32968927    0.33318775    0.36110527    0.31396765    0.33971597    0.32428292    0.29953790    0.26677051    0.26365393    0.26880610
T3             0.17851235    0.08795270    0.08330088    0.14965365    0.14234472    0.09531393    0.00000000    0.00401610    0.23109607    0.23437448    0.24631974    0.19145777    0.20463667    0.31688828    0.31688828    0.32031479    0.35855512    0.30816137    0.32672109    0.30479259    0.29053219    0.24900937    0.24598707    0.25408961
T13            0.17310540    0.08330088    0.07869198    0.14453743    0.13728035    0.09057380    0.00401610    0.00000000    0.22515901    0.23437448    0.24631974    0.18594647    0.19901691    0.32376496    0.32376496    0.32723914    0.35855512    0.30816137    0.32672109    0.29812245    0.28397145    0.24900937    0.24598707    0.25408961
T10            0.19984045    0.21929169    0.21704000    0.28182665    0.27943496    0.23409127    0.23109607    0.22515901    0.00000000    0.13460946    0.14727092    0.09474008    0.10411749    0.36162548    0.36162548    0.35046506    0.39452340    0.33297994    0.36231160    0.34377848    0.30444620    0.27932177    0.26963933    0.27884927
T5             0.23203852    0.23673251    0.23733412    0.28776934    0.29162941    0.25170917    0.23437448    0.23437448    0.13460946    0.00000000    0.04982281    0.09859175    0.11250136    0.39997981    0.39997981    0.40399905    0.43635198    0.37720014    0.40075149    0.34743198    0.33240120    0.27346077    0.26714878    0.27229839
T9             0.24097062    0.24867770    0.24935122    0.30713490    0.30134272    0.26402244    0.24631974    0.24631974    0.14727092    0.04982281    0.00000000    0.10783486    0.12192630    0.40246608    0.40246608    0.40648529    0.43891466    0.37967424    0.39525101    0.34630699    0.32776923    0.29197897    0.28546112    0.29069611
T14            0.17287121    0.18819833    0.18869452    0.24236596    0.24598707    0.20209224    0.19145777    0.18594647    0.09474008    0.09859175    0.10783486    0.00000000    0.02447224    0.33715724    0.33715724    0.34076966    0.36519180    0.31655564    0.33059999    0.29620283    0.28538860    0.23336820    0.23039087    0.24131516
T4             0.18297594    0.19851327    0.19675489    0.25346153    0.25713957    0.20975310    0.20463667    0.19901691    0.10411749    0.11250136    0.12192630    0.02447224    0.00000000    0.35351216    0.35351216    0.35721835    0.38217312    0.32535468    0.34679965    0.30479259    0.30053775    0.24433750    0.24131516    0.24701535
T8             0.31205890    0.34498197    0.34025909    0.38540364    0.39045277    0.32968927    0.31688828    0.32376496    0.36162548    0.39997981    0.40246608    0.33715724    0.35351216    0.00000000    0.00000000    0.02653138    0.06944435    0.05206371    0.07177111    0.38311943    0.33969356    0.28919560    0.28259141    0.30105449
T15            0.31205890    0.34498197    0.34025909    0.38540364    0.39045277    0.32968927    0.31688828    0.32376496    0.36162548    0.39997981    0.40246608    0.33715724    0.35351216    0.00000000    0.00000000    0.02653138    0.06944435    0.05206371    0.07177111    0.38311943    0.33969356    0.28919560    0.28259141    0.30105449
T2             0.31893568    0.34860743    0.34383266    0.39690608    0.40213463    0.33318775    0.32031479    0.32723914    0.35046506    0.40399905    0.40648529    0.34076966    0.35721835    0.02653138    0.02653138    0.00000000    0.06944435    0.05425687    0.06951863    0.38311943    0.34335904    0.29588828    0.28919560    0.30444620
T6             0.33566216    0.38087788    0.36843586    0.42330216    0.42867105    0.36110527    0.35855512    0.35855512    0.39452340    0.43635198    0.43891466    0.36519180    0.38217312    0.06944435    0.06944435    0.06944435    0.00000000    0.08280935    0.09867695    0.41295710    0.39109320    0.31655564    0.30967882    0.32186835
T12            0.29905482    0.33128005    0.32672109    0.37471830    0.37963748    0.31396765    0.30816137    0.30816137    0.33297994    0.37720014    0.37967424    0.31655564    0.32535468    0.05206371    0.05206371    0.05425687    0.08280935    0.00000000    0.06511507    0.37214545    0.33308034    0.28308530    0.27654593    0.29484466
T20            0.32886552    0.35900987    0.35411412    0.40800293    0.40937103    0.33971597    0.32672109    0.32672109    0.36231160    0.40075149    0.39525101    0.33059999    0.34679965    0.07177111    0.07177111    0.06951863    0.09867695    0.06511507    0.00000000    0.37996416    0.34269331    0.28210823    0.28869065    0.30732123
T23            0.29812245    0.31057603    0.30386109    0.34775702    0.34523259    0.32428292    0.30479259    0.29812245    0.34377848    0.34743198    0.34630699    0.29620283    0.30479259    0.38311943    0.38311943    0.38311943    0.41295710    0.37214545    0.37996416    0.00000000    0.22448892    0.22481921    0.21896908    0.22385696
T7             0.27749576    0.28959877    0.27664693    0.33766811    0.33515633    0.29953790    0.29053219    0.28397145    0.30444620    0.33240120    0.32776923    0.28538860    0.30053775    0.33969356    0.33969356    0.34335904    0.39109320    0.33308034    0.34269331    0.22448892    0.00000000    0.14746097    0.13728035    0.15204453
T22            0.24063603    0.25747852    0.24598707    0.31004863    0.30752396    0.26677051    0.24900937    0.24900937    0.27932177    0.27346077    0.29197897    0.23336820    0.24433750    0.28919560    0.28919560    0.29588828    0.31655564    0.28308530    0.28210823    0.22481921    0.14746097    0.00000000    0.04343596    0.05412974
T19            0.24364018    0.25747852    0.24298293    0.31004863    0.30752396    0.26365393    0.24598707    0.24598707    0.26963933    0.26714878    0.28546112    0.23039087    0.24131516    0.28259141    0.28259141    0.28919560    0.30967882    0.27654593    0.28869065    0.21896908    0.13728035    0.04343596    0.00000000    0.03492632
T17            0.25782787    0.27193239    0.25408961    0.32557629    0.32301279    0.26880610    0.25408961    0.25408961    0.27884927    0.27229839    0.29069611    0.24131516    0.24701535    0.30105449    0.30105449    0.30444620    0.32186835    0.29484466    0.30732123    0.22385696    0.15204453    0.05412974    0.03492632    0.00000000

