24
T20            0.00000000    0.27556654    0.27556654    0.27247838    0.30425475    0.33541637    0.29887782    0.25650836    0.26847797    0.28670019    0.27437713    0.21261475    0.21033242    0.21807010    0.18074291    0.22533970    0.18099078    0.18346886    0.20777179    0.08771532    0.10894116    0.09962726    0.12120012    0.16096630
T4             0.27556654    0.00000000    0.02236467    0.04765398    0.17581018    0.21206779    0.18099078    0.15546032    0.18761167    0.19540887    0.18454247    0.33284019    0.33374134    0.34451655    0.32262814    0.33850080    0.35340733    0.35648908    0.37681292    0.28180076    0.29486640    0.27403326    0.30464531    0.36650834
T19            0.27556654    0.02236467    0.00000000    0.04549395    0.18346886    0.21206779    0.18372421    0.15808599    0.19040634    0.19823516    0.18731386    0.33629115    0.33721636    0.35861324    0.32941291    0.34528518    0.35340733    0.35648908    0.37311952    0.28180076    0.29486640    0.27403326    0.30464531    0.36650834
T10            0.27247838    0.04765398    0.04549395    0.00000000    0.17581018    0.21261475    0.18702474    0.15592212    0.18483255    0.19259849    0.18178638    0.34326548    0.34423982    0.36945324    0.33976614    0.35216302    0.36168492    0.36479277    0.38805992    0.28494731    0.29561825    0.28350320    0.31461959    0.38409833
T17            0.30425475    0.17581018    0.18346886    0.17581018    0.00000000    0.19488332    0.16712882    0.14766517    0.17658683    0.18426103    0.17360822    0.34936556    0.35033861    0.36945324    0.34678952    0.36266075    0.37791753    0.37475564    0.40220998    0.30098455    0.32730853    0.30632433    0.32479719    0.37532839
T13            0.33541637    0.21206779    0.21206779    0.21261475    0.19488332    0.00000000    0.06727732    0.18212125    0.21807010    0.23205252    0.22066817    0.37525984    0.37628135    0.40371850    0.36631850    0.38618560    0.38959907    0.39283105    0.42884020    0.32520442    0.34538694    0.32389292    0.34984560    0.39570119
T11            0.29887782    0.18099078    0.18372421    0.18702474    0.16712882    0.06727732    0.00000000    0.15743409    0.18674435    0.20014473    0.18923637    0.34023461    0.34120952    0.35648908    0.32730853    0.34369817    0.34936556    0.35243500    0.37998844    0.28278868    0.30504758    0.28145100    0.30588711    0.37084181
T15            0.25650836    0.15546032    0.15808599    0.15592212    0.14766517    0.18212125    0.15743409    0.00000000    0.09487552    0.10172771    0.09238920    0.30588711    0.30677315    0.32050053    0.29601134    0.31780043    0.33421065    0.33721636    0.35699465    0.25650836    0.26847797    0.25206669    0.27547404    0.32231089
T3             0.26847797    0.18761167    0.19040634    0.18483255    0.17658683    0.21807010    0.18674435    0.09487552    0.00000000    0.02653156    0.01824798    0.30878621    0.30967134    0.33721636    0.30215882    0.33419924    0.32345909    0.32642985    0.35033861    0.26847797    0.27437713    0.27031481    0.29440570    0.34276652
T1             0.28670019    0.19540887    0.19823516    0.19259849    0.18426103    0.23205252    0.20014473    0.10172771    0.02653156    0.00000000    0.01210020    0.32479719    0.32575009    0.35033861    0.31798912    0.34716098    0.34071574    0.34374627    0.37217986    0.28350320    0.28953438    0.28225555    0.30677315    0.36339950
T18            0.27437713    0.18454247    0.18731386    0.18178638    0.17360822    0.22066817    0.18923637    0.09238920    0.01824798    0.01210020    0.00000000    0.31169700    0.31258117    0.34023461    0.30504758    0.33722280    0.32984542    0.33284019    0.35699465    0.27125021    0.27403326    0.27308274    0.29725900    0.35299760
T16            0.21261475    0.33284019    0.33629115    0.34326548    0.34936556    0.37525984    0.34023461    0.30588711    0.30878621    0.32479719    0.31169700    0.00000000    0.01007279    0.16869483    0.14154480    0.17321753    0.26882394    0.27159514    0.28632714    0.20182954    0.20949431    0.18820726    0.22096175    0.27348148
T23            0.21033242    0.33374134    0.33721636    0.34423982    0.35033861    0.37628135    0.34120952    0.30677315    0.30967134    0.32575009    0.31258117    0.01007279    0.00000000    0.16640166    0.13932295    0.17087042    0.27269471    0.27547404    0.29031243    0.19956784    0.20720145    0.18870412    0.22157751    0.27431102
T5             0.21807010    0.34451655    0.35861324    0.36945324    0.36945324    0.40371850    0.35648908    0.32050053    0.33721636    0.35033861    0.34023461    0.16869483    0.16640166    0.00000000    0.06060972    0.11456642    0.28184779    0.28465830    0.29969687    0.21519511    0.21261475    0.19902713    0.22483381    0.27308274
T9             0.18074291    0.32262814    0.32941291    0.33976614    0.34678952    0.36631850    0.32730853    0.29601134    0.30215882    0.31798912    0.30504758    0.14154480    0.13932295    0.06060972    0.00000000    0.08476565    0.23567667    0.23832656    0.25784521    0.18074291    0.18870412    0.16799253    0.19481007    0.24471839
T0             0.22533970    0.33850080    0.34528518    0.35216302    0.36266075    0.38618560    0.34369817    0.31780043    0.33419924    0.34716098    0.33722280    0.17321753    0.17087042    0.11456642    0.08476565    0.00000000    0.28632714    0.28916226    0.30425475    0.21673946    0.23087768    0.20898228    0.23734832    0.27509755
T7             0.18099078    0.35340733    0.35340733    0.36168492    0.37791753    0.38959907    0.34936556    0.33421065    0.32345909    0.34071574    0.32984542    0.26882394    0.27269471    0.28184779    0.23567667    0.28632714    0.00000000    0.00200301    0.07832802    0.15444934    0.16998553    0.14692030    0.15463503    0.21261475
T8             0.18346886    0.35648908    0.35648908    0.36479277    0.37475564    0.39283105    0.35243500    0.33721636    0.32642985    0.34374627    0.33284019    0.27159514    0.27547404    0.28465830    0.23832656    0.28916226    0.00200301    0.00000000    0.08052732    0.15685677    0.17243587    0.14930625    0.15704088    0.21519511
T22            0.20777179    0.37681292    0.37311952    0.38805992    0.40220998    0.42884020    0.37998844    0.35699465    0.35033861    0.37217986    0.35699465    0.28632714    0.29031243    0.29969687    0.25784521    0.30425475    0.07832802    0.08052732    0.00000000    0.18005160    0.19071305    0.15138384    0.16957363    0.22880996
T12            0.08771532    0.28180076    0.28180076    0.28494731    0.30098455    0.32520442    0.28278868    0.25650836    0.26847797    0.28350320    0.27125021    0.20182954    0.19956784    0.21519511    0.18074291    0.21673946    0.15444934    0.15685677    0.18005160    0.00000000    0.07422520    0.09016857    0.10412063    0.14787162
T14            0.10894116    0.29486640    0.29486640    0.29561825    0.32730853    0.34538694    0.30504758    0.26847797    0.27437713    0.28953438    0.27403326    0.20949431    0.20720145    0.21261475    0.18870412    0.23087768    0.16998553    0.17243587    0.19071305    0.07422520    0.00000000    0.10187031    0.11608986    0.16872895
T21            0.09962726    0.27403326    0.27403326    0.28350320    0.30632433    0.32389292    0.28145100    0.25206669    0.27031481    0.28225555    0.27308274    0.18820726    0.18870412    0.19902713    0.16799253    0.20898228    0.14692030    0.14930625    0.15138384    0.09016857    0.10187031    0.00000000    0.04982339    0.10159244
T6             0.12120012    0.30464531    0.30464531    0.31461959    0.32479719    0.34984560    0.30588711    0.27547404    0.29440570    0.30677315    0.29725900    0.22096175    0.22157751    0.22483381    0.19481007    0.23734832    0.15463503    0.15704088    0.16957363    0.10412063    0.11608986    0.04982339    0.00000000    0.11577144
T2             0.16096630    0.36650834    0.36650834    0.38409833    0.37532839    0.39570119    0.37084181    0.32231089    0.34276652    0.36339950    0.35299760    0.27348148    0.27431102    0.27308274    0.24471839    0.27509755    0.21261475    0.21519511    0.22880996    0.14787162    0.16872895    0.10159244    0.11577144    0.00000000

