24
T17            0.00000000    0.37547528    0.37118832    0.36492992    0.40236213    0.37064026    0.36044678    0.28408629    0.29397157    0.28321057    0.29731072    0.29114075    0.28408629    0.36228691    0.36913969    0.36166043    0.32339994    0.32241781    0.28502583    0.19765713    0.17783069    0.17246410    0.18550670    0.17760663
T2             0.37547528    0.00000000    0.03485786    0.03910481    0.06067433    0.07593419    0.05860000    0.41361728    0.40168297    0.38044956    0.43580625    0.42822285    0.43159281    0.47499912    0.46970965    0.48038582    0.41683788    0.46533024    0.42327131    0.36137713    0.33039599    0.33732867    0.38763605    0.37695281
T3             0.37118832    0.03485786    0.00000000    0.03272712    0.06061275    0.06918135    0.05413299    0.41693116    0.40101835    0.37983217    0.43920942    0.43159281    0.43497815    0.49220320    0.48670786    0.49780177    0.41619914    0.46451513    0.41840339    0.35653030    0.33339124    0.34034804    0.38707370    0.37641858
T0             0.36492992    0.03910481    0.03272712    0.00000000    0.03502359    0.06483182    0.04770883    0.40632430    0.39453104    0.37351680    0.42406212    0.41661531    0.41993583    0.45996272    0.45479569    0.46522287    0.39791370    0.45319421    0.41178435    0.35471375    0.31808848    0.32490290    0.38821265    0.38500742
T18            0.40236213    0.06067433    0.06061275    0.03502359    0.00000000    0.08717386    0.07186393    0.43416568    0.42998767    0.40775806    0.46186347    0.45394416    0.45742489    0.49980762    0.49412895    0.50559385    0.44129361    0.47588772    0.44866459    0.38332065    0.34896776    0.35620250    0.41884551    0.40756346
T16            0.37064026    0.07593419    0.06918135    0.06483182    0.08717386    0.00000000    0.05626790    0.42433541    0.40822996    0.37547528    0.44691404    0.43920942    0.44262826    0.50051385    0.49493040    0.50620331    0.43570670    0.47685558    0.43416568    0.36674949    0.33639898    0.34338007    0.39525713    0.39466566
T7             0.36044678    0.05860000    0.05413299    0.04770883    0.07186393    0.05626790    0.00000000    0.40597582    0.39946973    0.36292650    0.42403056    0.41653762    0.41985212    0.46703453    0.46170166    0.47246421    0.41290508    0.44867615    0.42824433    0.35353027    0.32290284    0.32983597    0.35764261    0.35817711
T12            0.28408629    0.41361728    0.41693116    0.40632430    0.43416568    0.42433541    0.40597582    0.00000000    0.12283507    0.11874053    0.14768790    0.14274986    0.14768790    0.20187009    0.21008799    0.20497283    0.17471528    0.17966300    0.15332318    0.30513709    0.25592801    0.25592801    0.30492041    0.30540629
T6             0.29397157    0.40168297    0.40101835    0.39453104    0.42998767    0.40822996    0.39946973    0.12283507    0.00000000    0.05867703    0.14511527    0.14019698    0.14511527    0.19906612    0.20724405    0.20214497    0.15895400    0.17698702    0.13824763    0.29284461    0.25902833    0.25902833    0.30492041    0.30204475
T1             0.28321057    0.38044956    0.37983217    0.37351680    0.40775806    0.37547528    0.36292650    0.11874053    0.05867703    0.00000000    0.13297595    0.12813910    0.13297595    0.18325570    0.19124395    0.18624568    0.15429319    0.16695922    0.14102635    0.28839017    0.24861646    0.25481745    0.29397157    0.30119227
T15            0.29731072    0.43580625    0.43920942    0.42406212    0.46186347    0.44691404    0.42403056    0.14768790    0.14511527    0.13297595    0.00000000    0.00401106    0.02029450    0.13463022    0.14932624    0.14456195    0.09634920    0.11251324    0.07641106    0.30184250    0.23474954    0.22886024    0.30492041    0.32256266
T21            0.29114075    0.42822285    0.43159281    0.41661531    0.45394416    0.43920942    0.41653762    0.14274986    0.14019698    0.12813910    0.00401106    0.00000000    0.01619051    0.12979822    0.14439375    0.13965863    0.09626903    0.10784579    0.07195759    0.29570136    0.22916135    0.22332373    0.30879064    0.32311948
T19            0.28408629    0.43159281    0.43497815    0.41993583    0.45742489    0.44262826    0.41985212    0.14768790    0.14511527    0.13297595    0.02029450    0.01619051    0.00000000    0.13213492    0.14677348    0.14202216    0.10086012    0.11251324    0.07641106    0.30184250    0.23474954    0.23474954    0.30829328    0.32256266
T20            0.36228691    0.47499912    0.49220320    0.45996272    0.49980762    0.50051385    0.46703453    0.20187009    0.19906612    0.18325570    0.13463022    0.12979822    0.13213492    0.00000000    0.01617372    0.01210029    0.11972830    0.16190123    0.13747613    0.36644905    0.29406583    0.30065543    0.37413291    0.37855899
T13            0.36913969    0.46970965    0.48670786    0.45479569    0.49412895    0.49493040    0.46170166    0.21008799    0.20724405    0.19124395    0.14932624    0.14439375    0.14677348    0.01617372    0.00000000    0.00804441    0.13160514    0.17718477    0.15485254    0.37222814    0.30266397    0.30931936    0.37728443    0.38556601
T11            0.36166043    0.48038582    0.49780177    0.46522287    0.50559385    0.50620331    0.47246421    0.20497283    0.20214497    0.18624568    0.14456195    0.13965863    0.14202216    0.01210029    0.00804441    0.00000000    0.12692513    0.17225449    0.15006797    0.36594174    0.29364740    0.30021523    0.36977744    0.37791487
T8             0.32339994    0.41683788    0.41619914    0.39791370    0.44129361    0.43570670    0.41290508    0.17471528    0.15895400    0.15429319    0.09634920    0.09626903    0.10086012    0.11972830    0.13160514    0.12692513    0.00000000    0.12426630    0.10576523    0.31164779    0.25596040    0.26204698    0.32537553    0.33281760
T10            0.32241781    0.46533024    0.46451513    0.45319421    0.47588772    0.47685558    0.44867615    0.17966300    0.17698702    0.16695922    0.11251324    0.10784579    0.11251324    0.16190123    0.17718477    0.17225449    0.12426630    0.00000000    0.12023145    0.33168095    0.25239698    0.26144396    0.32103536    0.33181179
T9             0.28502583    0.42327131    0.41840339    0.41178435    0.44866459    0.43416568    0.42824433    0.15332318    0.13824763    0.14102635    0.07641106    0.07195759    0.07641106    0.13747613    0.15485254    0.15006797    0.10576523    0.12023145    0.00000000    0.29284461    0.23242564    0.23242564    0.30253071    0.31670588
T4             0.19765713    0.36137713    0.35653030    0.35471375    0.38332065    0.36674949    0.35353027    0.30513709    0.29284461    0.28839017    0.30184250    0.29570136    0.30184250    0.36644905    0.37222814    0.36594174    0.31164779    0.33168095    0.29284461    0.00000000    0.13395716    0.13149279    0.22416861    0.21308165
T14            0.17783069    0.33039599    0.33339124    0.31808848    0.34896776    0.33639898    0.32290284    0.25592801    0.25902833    0.24861646    0.23474954    0.22916135    0.23474954    0.29406583    0.30266397    0.29364740    0.25596040    0.25239698    0.23242564    0.13395716    0.00000000    0.01620828    0.18484775    0.18505846
T23            0.17246410    0.33732867    0.34034804    0.32490290    0.35620250    0.34338007    0.32983597    0.25592801    0.25902833    0.25481745    0.22886024    0.22332373    0.23474954    0.30065543    0.30931936    0.30021523    0.26204698    0.26144396    0.23242564    0.13149279    0.01620828    0.00000000    0.18215006    0.18235343
T22            0.18550670    0.38763605    0.38707370    0.38821265    0.41884551    0.39525713    0.35764261    0.30492041    0.30492041    0.29397157    0.30492041    0.30879064    0.30829328    0.37413291    0.37728443    0.36977744    0.32537553    0.32103536    0.30253071    0.22416861    0.18484775    0.18215006    0.00000000    0.06282573
T5             0.17760663    0.37695281    0.37641858    0.38500742    0.40756346    0.39466566    0.35817711    0.30540629    0.30204475    0.30119227    0.32256266    0.32311948    0.32256266    0.37855899    0.38556601    0.37791487    0.33281760    0.33181179    0.31670588    0.21308165    0.18505846    0.18235343    0.06282573    0.00000000

