24
T21            0.00000000    0.33121969    0.32531182    0.32592516    0.33597995    0.35966513    0.35353218    0.33672450    0.31245281    0.31885185    0.30213601    0.32649097    0.28772616    0.31550098    0.31498327    0.31603035    0.30193212    0.28224596    0.29528347    0.29769949    0.22885239    0.23409955    0.22516660    0.21413881
T9             0.33121969    0.00000000    0.06978355    0.05840662    0.09685090    0.13446218    0.12021656    0.19480450    0.20013894    0.20614095    0.23976017    0.27153414    0.24508378    0.24399277    0.25277219    0.24814341    0.23798394    0.22617891    0.22617891    0.21319340    0.26246559    0.27030589    0.27347214    0.25856775
T3             0.32531182    0.06978355    0.00000000    0.06727690    0.11120865    0.14454043    0.12580409    0.20680384    0.20360133    0.20969528    0.25602868    0.28540127    0.26462319    0.25082945    0.26287647    0.27103728    0.26015133    0.24167837    0.23866490    0.23147119    0.26965052    0.28073519    0.28725376    0.27196472
T23            0.32592516    0.05840662    0.06727690    0.00000000    0.10102614    0.14127890    0.11982962    0.19173221    0.19424193    0.20582309    0.23039880    0.27111413    0.24776042    0.23902017    0.24471014    0.24935230    0.23902017    0.22647943    0.22356277    0.21349925    0.25585065    0.26366446    0.26056695    0.24599616
T4             0.33597995    0.09685090    0.11120865    0.10102614    0.00000000    0.06073879    0.13418640    0.20209824    0.19676057    0.22291484    0.23533305    0.27070471    0.24667164    0.25476894    0.25138807    0.26835779    0.25476894    0.23204655    0.23734256    0.23236437    0.27111413    0.28547357    0.28872218    0.26715959
T16            0.35966513    0.13446218    0.14454043    0.14127890    0.06073879    0.00000000    0.16624016    0.23765829    0.22910411    0.25352553    0.26715959    0.29768680    0.27268643    0.29314772    0.29927276    0.30100004    0.28990970    0.25682107    0.26229583    0.26021853    0.28505597    0.30298966    0.30631388    0.29070906
T11            0.35353218    0.12021656    0.12580409    0.11982962    0.13418640    0.16624016    0.00000000    0.21319340    0.22386440    0.23976017    0.26246559    0.30528993    0.27750753    0.25138807    0.25106771    0.27111413    0.26056695    0.24536121    0.24536121    0.23798394    0.28505597    0.29640686    0.29640686    0.27472482
T14            0.33672450    0.19480450    0.20680384    0.19173221    0.20209824    0.23765829    0.21319340    0.00000000    0.10172622    0.11397833    0.20317505    0.24797656    0.21627907    0.20013894    0.19984633    0.20328262    0.19451876    0.18346464    0.18896112    0.18482677    0.25829044    0.26690562    0.27010234    0.24893937
T2             0.31245281    0.20013894    0.20360133    0.19424193    0.19676057    0.22910411    0.22386440    0.10172622    0.00000000    0.04977246    0.19921633    0.24753371    0.20714885    0.20328262    0.19732095    0.20646787    0.19761458    0.19201014    0.18923133    0.18235403    0.23938527    0.25082945    0.25391745    0.23337636
T1             0.31885185    0.20614095    0.20969528    0.20582309    0.22291484    0.25352553    0.23976017    0.11397833    0.04977246    0.00000000    0.20243809    0.24486926    0.21627907    0.21738924    0.21124741    0.20328262    0.20868962    0.20582309    0.20297293    0.20461141    0.24893937    0.26057291    0.26057291    0.23976017
T22            0.30213601    0.23976017    0.25602868    0.23039880    0.23533305    0.26715959    0.26246559    0.20317505    0.19921633    0.20243809    0.00000000    0.07412598    0.04994444    0.17287555    0.16998241    0.18124274    0.16489423    0.17556459    0.17556459    0.17142071    0.25933895    0.27839935    0.27430060    0.25314378
T19            0.32649097    0.27153414    0.28540127    0.27111413    0.27070471    0.29768680    0.30528993    0.24797656    0.24753371    0.24486926    0.07412598    0.00000000    0.05200198    0.22157118    0.21547617    0.23074664    0.21577161    0.21929885    0.21929885    0.20935095    0.32004603    0.31895159    0.31790416    0.29859673
T0             0.28772616    0.24508378    0.26462319    0.24776042    0.24667164    0.27268643    0.27750753    0.21627907    0.20714885    0.21627907    0.04994444    0.05200198    0.00000000    0.18321835    0.17802800    0.19451876    0.17779647    0.18321835    0.18321835    0.17631470    0.27111413    0.28073519    0.27665858    0.26167492
T8             0.31550098    0.24399277    0.25082945    0.23902017    0.25476894    0.29314772    0.25138807    0.20013894    0.20328262    0.21738924    0.17287555    0.22157118    0.18321835    0.00000000    0.04330642    0.04770639    0.05419036    0.12528817    0.12528817    0.12368573    0.26991770    0.27230967    0.27864216    0.25748854
T6             0.31498327    0.25277219    0.26287647    0.24471014    0.25138807    0.29927276    0.25106771    0.19984633    0.19732095    0.21124741    0.16998241    0.21547617    0.17802800    0.04330642    0.00000000    0.04982315    0.05632332    0.12266805    0.12266805    0.11608777    0.27508992    0.27437058    0.28068299    0.25347135
T12            0.31603035    0.24814341    0.27103728    0.24935230    0.26835779    0.30100004    0.27111413    0.20328262    0.20646787    0.20328262    0.18124274    0.23074664    0.19451876    0.04770639    0.04982315    0.00000000    0.05646014    0.12545245    0.12545245    0.12388201    0.28547357    0.28224596    0.28872218    0.26715959
T7             0.30193212    0.23798394    0.26015133    0.23902017    0.25476894    0.28990970    0.26056695    0.19451876    0.19761458    0.20868962    0.16489423    0.21577161    0.17779647    0.05419036    0.05632332    0.05646014    0.00000000    0.12036096    0.12036096    0.12368573    0.26917329    0.26847166    0.27472482    0.25378017
T10            0.28224596    0.22617891    0.24167837    0.22647943    0.23204655    0.25682107    0.24536121    0.18346464    0.19201014    0.20582309    0.17556459    0.21929885    0.18321835    0.12528817    0.12266805    0.12545245    0.12036096    0.00000000    0.01620797    0.07880170    0.26295899    0.26847166    0.26537420    0.24476700
T13            0.29528347    0.22617891    0.23866490    0.22356277    0.23734256    0.26229583    0.24536121    0.18896112    0.18923133    0.20297293    0.17556459    0.21929885    0.18321835    0.12528817    0.12266805    0.12545245    0.12036096    0.01620797    0.00000000    0.08110620    0.26295899    0.27788100    0.27158845    0.25075767
T5             0.29769949    0.21319340    0.23147119    0.21349925    0.23236437    0.26021853    0.23798394    0.18482677    0.18235403    0.20461141    0.17142071    0.20935095    0.17631470    0.12368573    0.11608777    0.12388201    0.12368573    0.07880170    0.08110620    0.00000000    0.24936057    0.27030589    0.26403299    0.24331541
T20            0.22885239    0.26246559    0.26965052    0.25585065    0.27111413    0.28505597    0.28505597    0.25829044    0.23938527    0.24893937    0.25933895    0.32004603    0.27111413    0.26991770    0.27508992    0.28547357    0.26917329    0.26295899    0.26295899    0.24936057    0.00000000    0.06944503    0.07621794    0.05846301
T17            0.23409955    0.27030589    0.28073519    0.26366446    0.28547357    0.30298966    0.29640686    0.26690562    0.25082945    0.26057291    0.27839935    0.31895159    0.28073519    0.27230967    0.27437058    0.28224596    0.26847166    0.26847166    0.27788100    0.27030589    0.06944503    0.00000000    0.05419036    0.04128553
T18            0.22516660    0.27347214    0.28725376    0.26056695    0.28872218    0.30631388    0.29640686    0.27010234    0.25391745    0.26057291    0.27430060    0.31790416    0.27665858    0.27864216    0.28068299    0.28872218    0.27472482    0.26537420    0.27158845    0.26403299    0.07621794    0.05419036    0.00000000    0.02862801
T15            0.21413881    0.25856775    0.27196472    0.24599616    0.26715959    0.29070906    0.27472482    0.24893937    0.23337636    0.23976017    0.25314378    0.29859673    0.26167492    0.25748854    0.25347135    0.26715959    0.25378017    0.24476700    0.25075767    0.24331541    0.05846301    0.04128553    0.02862801    0.00000000

