24
T18            0.00000000    0.37424375    0.37867621    0.34409301    0.33564314    0.31571181    0.35017077    0.37677652    0.34950161    0.34888850    0.34223353    0.26180750    0.26768672    0.30359901    0.30072215    0.30028010    0.30938734    0.27302175    0.28135374    0.25844104    0.24610350    0.22427109    0.19077201    0.15671740
T19            0.37424375    0.00000000    0.01414130    0.12515907    0.10866406    0.09911038    0.13514353    0.14440684    0.10881033    0.11351056    0.10881033    0.24515692    0.27005303    0.30619451    0.30328783    0.29463826    0.30112420    0.26105100    0.28119646    0.24913011    0.37048683    0.35806714    0.36675806    0.35499481
T5             0.37867621    0.01414130    0.00000000    0.12284572    0.10639881    0.09686790    0.13280532    0.14203516    0.10654668    0.11123360    0.10654668    0.24247204    0.26729399    0.30328783    0.30039296    0.28857696    0.29500022    0.25832194    0.27839434    0.24643948    0.36736212    0.35499481    0.36364720    0.35193530
T0             0.34409301    0.12515907    0.12284572    0.00000000    0.05433717    0.04343970    0.10136019    0.11754384    0.08320274    0.08309643    0.07860240    0.26307790    0.27918523    0.31647448    0.32024043    0.29824320    0.30479325    0.25217523    0.26967169    0.24042271    0.33695558    0.32505001    0.36239764    0.34709160
T1             0.33564314    0.10866406    0.10639881    0.05433717    0.00000000    0.02034128    0.09475927    0.11079963    0.07905536    0.07893162    0.07445483    0.24913011    0.26493887    0.29824320    0.29537375    0.29656357    0.30315741    0.24143634    0.26105100    0.22688574    0.33564314    0.31679307    0.35753076    0.33869318
T23            0.31571181    0.09911038    0.09686790    0.04343970    0.02034128    0.00000000    0.08079630    0.09653732    0.06763280    0.06753533    0.06313617    0.23183295    0.25327000    0.28609231    0.28326625    0.27171354    0.27801537    0.22427109    0.24342200    0.21011964    0.31571181    0.30413766    0.33682625    0.31850304
T3             0.35017077    0.13514353    0.13280532    0.10136019    0.09475927    0.08079630    0.00000000    0.09869172    0.06969807    0.06960925    0.06520155    0.26307790    0.28563014    0.31314492    0.31021778    0.29500022    0.30150745    0.27402925    0.29128431    0.25560323    0.35623693    0.33922489    0.38001130    0.36815013
T14            0.37677652    0.14440684    0.14203516    0.11754384    0.11079963    0.09653732    0.09869172    0.00000000    0.06721436    0.06715147    0.06276818    0.27381376    0.29005595    0.33475815    0.33174683    0.31353629    0.32024043    0.27522334    0.29575884    0.26307790    0.35687565    0.34353119    0.38056188    0.37618192
T12            0.34950161    0.10881033    0.10654668    0.08320274    0.07905536    0.06763280    0.06969807    0.06721436    0.00000000    0.01210035    0.00804443    0.25560323    0.27811008    0.30851787    0.30561683    0.28722140    0.29045410    0.25716314    0.27402925    0.23913528    0.34344417    0.32084536    0.36436411    0.35275773
T11            0.34888850    0.11351056    0.11123360    0.08309643    0.07893162    0.06753533    0.06960925    0.06715147    0.01210035    0.00000000    0.00804338    0.25523910    0.27766518    0.30810089    0.30519916    0.28683376    0.29329912    0.25365546    0.27044510    0.23577715    0.34283260    0.32378111    0.37126750    0.35956835
T22            0.34223353    0.10881033    0.10654668    0.07860240    0.07445483    0.06313617    0.06520155    0.06276818    0.00804443    0.00804338    0.00000000    0.24947535    0.27168549    0.30190243    0.29902319    0.27839434    0.28479760    0.25095852    0.26768672    0.23313623    0.33622854    0.31735133    0.36436411    0.35275773
T6             0.26180750    0.24515692    0.24247204    0.26307790    0.24913011    0.23183295    0.26307790    0.27381376    0.25560323    0.25523910    0.24947535    0.00000000    0.02866721    0.11043386    0.10815417    0.13684317    0.14440684    0.10912529    0.12300525    0.09018396    0.27839434    0.25869570    0.27680781    0.25675770
T16            0.26768672    0.27005303    0.26729399    0.27918523    0.26493887    0.25327000    0.28563014    0.29005595    0.27811008    0.27766518    0.27168549    0.02866721    0.00000000    0.11973588    0.11985044    0.15190679    0.15708014    0.12123042    0.13532668    0.10189045    0.29171633    0.27084788    0.28932780    0.26892858
T15            0.30359901    0.30619451    0.30328783    0.31647448    0.29824320    0.28609231    0.31314492    0.33475815    0.30851787    0.30810089    0.30190243    0.11043386    0.11973588    0.00000000    0.02031485    0.17878755    0.18144286    0.15727411    0.17516109    0.13480106    0.31613757    0.27599381    0.30272743    0.29831057
T2             0.30072215    0.30328783    0.30039296    0.32024043    0.29537375    0.28326625    0.31021778    0.33174683    0.30561683    0.30519916    0.29902319    0.10815417    0.11985044    0.02031485    0.00000000    0.18161102    0.18697902    0.15486940    0.17270315    0.13245973    0.30894670    0.27005303    0.30230909    0.29785668
T8             0.30028010    0.29463826    0.28857696    0.29824320    0.29656357    0.27171354    0.29500022    0.31353629    0.28722140    0.28683376    0.27839434    0.13684317    0.15190679    0.17878755    0.18161102    0.00000000    0.02857330    0.15507320    0.16717282    0.13480106    0.31687707    0.29943060    0.31185887    0.31417823
T7             0.30938734    0.30112420    0.29500022    0.30479325    0.30315741    0.27801537    0.30150745    0.32024043    0.29045410    0.29329912    0.28479760    0.14440684    0.15708014    0.18144286    0.18697902    0.02857330    0.00000000    0.15507320    0.17248406    0.13984362    0.33046907    0.30272743    0.31185887    0.32104520
T20            0.27302175    0.26105100    0.25832194    0.25217523    0.24143634    0.22427109    0.27402925    0.27522334    0.25716314    0.25365546    0.25095852    0.10912529    0.12123042    0.15727411    0.15486940    0.15507320    0.15507320    0.00000000    0.07860240    0.04349653    0.28650703    0.26029469    0.27302175    0.25217760
T17            0.28135374    0.28119646    0.27839434    0.26967169    0.26105100    0.24342200    0.29128431    0.29575884    0.27402925    0.27044510    0.26768672    0.12300525    0.13532668    0.17516109    0.17270315    0.16717282    0.17248406    0.07860240    0.00000000    0.04549691    0.28198595    0.26220147    0.29024845    0.27625502
T4             0.25844104    0.24913011    0.24643948    0.24042271    0.22688574    0.21011964    0.25560323    0.26307790    0.23913528    0.23577715    0.23313623    0.09018396    0.10189045    0.13480106    0.13245973    0.13480106    0.13984362    0.04349653    0.04549691    0.00000000    0.25597773    0.23085616    0.26160258    0.24501523
T9             0.24610350    0.37048683    0.36736212    0.33695558    0.33564314    0.31571181    0.35623693    0.35687565    0.34344417    0.34283260    0.33622854    0.27839434    0.29171633    0.31613757    0.30894670    0.31687707    0.33046907    0.28650703    0.28198595    0.25597773    0.00000000    0.07395900    0.27639538    0.26180750
T21            0.22427109    0.35806714    0.35499481    0.32505001    0.31679307    0.30413766    0.33922489    0.34353119    0.32084536    0.32378111    0.31735133    0.25869570    0.27084788    0.27599381    0.27005303    0.29943060    0.30272743    0.26029469    0.26220147    0.23085616    0.07395900    0.00000000    0.25365546    0.23648613
T13            0.19077201    0.36675806    0.36364720    0.36239764    0.35753076    0.33682625    0.38001130    0.38056188    0.36436411    0.37126750    0.36436411    0.27680781    0.28932780    0.30272743    0.30230909    0.31185887    0.31185887    0.27302175    0.29024845    0.26160258    0.27639538    0.25365546    0.00000000    0.07388084
T10            0.15671740    0.35499481    0.35193530    0.34709160    0.33869318    0.31850304    0.36815013    0.37618192    0.35275773    0.35956835    0.35275773    0.25675770    0.26892858    0.29831057    0.29785668    0.31417823    0.32104520    0.25217760    0.27625502    0.24501523    0.26180750    0.23648613    0.07388084    0.00000000

