24
T10            0.00000000    0.34470155    0.34370365    0.30212652    0.31123866    0.27862211    0.37583797    0.37583797    0.38215594    0.30143626    0.30143626    0.27507054    0.27786124    0.27663853    0.27984488    0.28307194    0.34885699    0.32819650    0.33370167    0.33670743    0.40013625    0.17982802    0.17201736    0.15944653
T6             0.34470155    0.00000000    0.01823218    0.10311636    0.10767207    0.16246126    0.31532435    0.31650871    0.31532435    0.23073267    0.23371870    0.22094388    0.22646646    0.23038500    0.22155859    0.23038500    0.29884657    0.28827232    0.28142210    0.29481094    0.37454696    0.34116633    0.31501931    0.31209759
T5             0.34370365    0.01823218    0.00000000    0.11479882    0.11941927    0.16732223    0.32468104    0.32589346    0.32468104    0.23600126    0.23900524    0.22909087    0.23467571    0.23865014    0.22971858    0.23865014    0.30133354    0.29068715    0.28384870    0.29722573    0.37707125    0.34723885    0.32089842    0.31795288
T0             0.30212652    0.10311636    0.11479882    0.00000000    0.02862782    0.12744860    0.28258171    0.28357980    0.28258171    0.20581200    0.20867815    0.18819474    0.19070040    0.19983609    0.19145387    0.19983609    0.27156969    0.24900292    0.24504395    0.25986350    0.33465091    0.30296574    0.28785545    0.27862211
T14            0.31123866    0.10767207    0.11941927    0.02862782    0.00000000    0.12963179    0.26875896    0.26963076    0.26875896    0.19172282    0.19450905    0.19094264    0.19345587    0.19648420    0.18546187    0.19648420    0.26471701    0.24773797    0.24447031    0.25921939    0.33370167    0.29884657    0.28384870    0.27470556
T18            0.27862211    0.16246126    0.16732223    0.12744860    0.12963179    0.00000000    0.23564617    0.23261480    0.23787769    0.16603533    0.16871691    0.15222919    0.15722459    0.15003650    0.14745870    0.15523236    0.23589976    0.20691498    0.20615817    0.22297596    0.31009446    0.27862211    0.25475239    0.24598081
T3             0.37583797    0.31532435    0.32468104    0.28258171    0.26875896    0.23564617    0.00000000    0.01210945    0.05846222    0.20612969    0.20900409    0.18673023    0.19200063    0.19790680    0.18950102    0.19790680    0.27680190    0.22218711    0.23350782    0.24206688    0.30296574    0.36207879    0.35286439    0.33536951
T22            0.37583797    0.31650871    0.32589346    0.28357980    0.26963076    0.23261480    0.01210945    0.00000000    0.05200135    0.20105983    0.20391780    0.18673023    0.19200063    0.18729882    0.17903209    0.18729882    0.26811876    0.21130393    0.22244036    0.23086013    0.29966410    0.36207879    0.34556115    0.33536951
T1             0.38215594    0.31532435    0.32468104    0.28258171    0.26875896    0.23787769    0.05846222    0.05200135    0.00000000    0.20327173    0.20612969    0.20012856    0.19702636    0.19508913    0.18673023    0.19508913    0.27680190    0.21932924    0.23407195    0.25105183    0.31458449    0.37204795    0.35163752    0.33424798
T2             0.30143626    0.23073267    0.23600126    0.20581200    0.19172282    0.16603533    0.20612969    0.20105983    0.20327173    0.00000000    0.00603632    0.08550274    0.09004370    0.10146084    0.09204774    0.10146084    0.19995936    0.17182624    0.16639344    0.18751741    0.26639541    0.25986350    0.25855043    0.24900292
T23            0.30143626    0.23371870    0.23900524    0.20867815    0.19450905    0.16871691    0.20900409    0.20391780    0.20612969    0.00603632    0.00000000    0.08782858    0.09238589    0.10384209    0.09438444    0.10384209    0.19995936    0.17182624    0.16639344    0.18751741    0.26639541    0.25986350    0.25546295    0.25204342
T21            0.27507054    0.22094388    0.22909087    0.18819474    0.19094264    0.15222919    0.18673023    0.18673023    0.20012856    0.08550274    0.08782858    0.00000000    0.01212489    0.09662292    0.09194950    0.09897612    0.21085243    0.16639344    0.16363562    0.18191754    0.26054961    0.26020132    0.25818049    0.24934465
T15            0.27786124    0.22646646    0.23467571    0.19070040    0.19345587    0.15722459    0.19200063    0.19200063    0.19702636    0.09004370    0.09238589    0.01212489    0.00000000    0.09886871    0.09418435    0.10122747    0.21626033    0.17147006    0.16868679    0.18711065    0.26639541    0.25986350    0.25782089    0.24363390
T20            0.27663853    0.23038500    0.23865014    0.19983609    0.19648420    0.15003650    0.19790680    0.18729882    0.19508913    0.10146084    0.10384209    0.09662292    0.09886871    0.00000000    0.02029407    0.02653132    0.19467818    0.16151632    0.15619719    0.17428981    0.23999090    0.27028691    0.26833875    0.25621456
T13            0.27984488    0.22155859    0.22971858    0.19145387    0.18546187    0.14745870    0.18950102    0.17903209    0.18673023    0.09204774    0.09438444    0.09194950    0.09418435    0.02029407    0.00000000    0.01415447    0.18155777    0.14897943    0.14378074    0.16151632    0.22587531    0.25782089    0.25893069    0.24700874
T17            0.28307194    0.23038500    0.23865014    0.19983609    0.19648420    0.15523236    0.19790680    0.18729882    0.19508913    0.10146084    0.10384209    0.09897612    0.10122747    0.02653132    0.01415447    0.00000000    0.19196023    0.15892519    0.15363923    0.17164379    0.23113857    0.26401502    0.26833875    0.25621456
T16            0.34885699    0.29884657    0.30133354    0.27156969    0.26471701    0.23589976    0.27680190    0.26811876    0.27680190    0.19995936    0.19995936    0.21085243    0.21626033    0.19467818    0.18155777    0.19196023    0.00000000    0.12744860    0.11751995    0.13460770    0.19145387    0.34796381    0.32937616    0.33580915
T7             0.32819650    0.28827232    0.29068715    0.24900292    0.24773797    0.20691498    0.22218711    0.21130393    0.21932924    0.17182624    0.17182624    0.16639344    0.17147006    0.16151632    0.14897943    0.15892519    0.12744860    0.00000000    0.04123992    0.06098259    0.13801414    0.31042704    0.28242235    0.28593794
T9             0.33370167    0.28142210    0.28384870    0.24504395    0.24447031    0.20615817    0.23350782    0.22244036    0.23407195    0.16639344    0.16639344    0.16363562    0.16868679    0.15619719    0.14378074    0.15363923    0.11751995    0.04123992    0.00000000    0.06519262    0.14252758    0.30674833    0.29483757    0.29845503
T4             0.33670743    0.29481094    0.29722573    0.25986350    0.25921939    0.22297596    0.24206688    0.23086013    0.25105183    0.18751741    0.18751741    0.18191754    0.18711065    0.17428981    0.16151632    0.17164379    0.13460770    0.06098259    0.06519262    0.00000000    0.09204774    0.31296453    0.29770651    0.30133354
T11            0.40013625    0.37454696    0.37707125    0.33465091    0.33370167    0.31009446    0.30296574    0.29966410    0.31458449    0.26639541    0.26639541    0.26054961    0.26639541    0.23999090    0.22587531    0.23113857    0.19145387    0.13801414    0.14252758    0.09204774    0.00000000    0.39625809    0.37271146    0.38341129
T8             0.17982802    0.34116633    0.34723885    0.30296574    0.29884657    0.27862211    0.36207879    0.36207879    0.37204795    0.25986350    0.25986350    0.26020132    0.25986350    0.27028691    0.25782089    0.26401502    0.34796381    0.31042704    0.30674833    0.31296453    0.39625809    0.00000000    0.08760342    0.08099040
T19            0.17201736    0.31501931    0.32089842    0.28785545    0.28384870    0.25475239    0.35286439    0.34556115    0.35163752    0.25855043    0.25546295    0.25818049    0.25782089    0.26833875    0.25893069    0.26833875    0.32937616    0.28242235    0.29483757    0.29770651    0.37271146    0.08760342    0.00000000    0.03274683
T12            0.15944653    0.31209759    0.31795288    0.27862211    0.27470556    0.24598081    0.33536951    0.33536951    0.33424798    0.24900292    0.25204342    0.24934465    0.24363390    0.25621456    0.24700874    0.25621456    0.33580915    0.28593794    0.29845503    0.30133354    0.38341129    0.08099040    0.03274683    0.00000000

