24
T21            0.00000000    0.28104731    0.25074953    0.25618675    0.27555196    0.27896671    0.26442145    0.31503246    0.30964847    0.29967611    0.31640906    0.31348830    0.31689160    0.28915146    0.27090075    0.30423502    0.28971584    0.27615942    0.38221820    0.38281850    0.33974052    0.33155992    0.33155992    0.21303769
T10            0.28104731    0.00000000    0.13493361    0.14216832    0.16937471    0.16732582    0.16976903    0.25082226    0.25351814    0.24507696    0.27152561    0.26245764    0.26560381    0.24433953    0.20805997    0.24267091    0.24535360    0.22385850    0.30289892    0.30340472    0.27985621    0.26365595    0.26365595    0.16732582
T0             0.25074953    0.13493361    0.00000000    0.02444364    0.09418534    0.09642753    0.09185945    0.22743299    0.24433953    0.23831284    0.25894035    0.25006747    0.25313632    0.22940700    0.19955822    0.24470327    0.22822867    0.20436574    0.29384858    0.29668938    0.26402458    0.26990886    0.26990886    0.16206126
T4             0.25618675    0.14216832    0.02444364    0.00000000    0.09867710    0.09642753    0.09185945    0.23566307    0.24666441    0.24063776    0.25511137    0.24632154    0.24935311    0.22588180    0.19623166    0.24398577    0.23059781    0.20384890    0.30289892    0.30577338    0.27267733    0.27863261    0.27863261    0.16956758
T8             0.27555196    0.16937471    0.09418534    0.09867710    0.00000000    0.03492636    0.03073329    0.26365595    0.27824647    0.27193435    0.29681116    0.28746072    0.29069857    0.26570101    0.23733567    0.27863261    0.26880795    0.23468296    0.31982399    0.32621855    0.29559908    0.30173578    0.30173578    0.20336907
T15            0.27896671    0.16732582    0.09642753    0.09642753    0.03492636    0.00000000    0.02031409    0.25855983    0.26677262    0.26055861    0.29069857    0.28143269    0.28463937    0.25987203    0.23173198    0.28143269    0.26846237    0.23437595    0.32376857    0.33021112    0.29274337    0.29885801    0.29885801    0.19851428
T7             0.26442145    0.16976903    0.09185945    0.09185945    0.03073329    0.02031409    0.00000000    0.25818965    0.26640481    0.26021008    0.27508044    0.26604759    0.26916424    0.24505127    0.22037347    0.27230047    0.26261326    0.22879832    0.31738594    0.32376857    0.28668199    0.29274337    0.29274337    0.19276475
T12            0.31503246    0.25082226    0.22743299    0.23566307    0.26365595    0.25855983    0.25818965    0.00000000    0.15306230    0.14272342    0.26645597    0.25431219    0.25742895    0.23937880    0.18869567    0.25276467    0.22850860    0.21607110    0.28265454    0.28308365    0.27387219    0.26402458    0.26402458    0.20948460
T2             0.30964847    0.25351814    0.24433953    0.24666441    0.27824647    0.26677262    0.26640481    0.15306230    0.00000000    0.01007278    0.26519334    0.25391010    0.25701715    0.23532655    0.19396972    0.25476100    0.23059781    0.21805921    0.28871217    0.28915146    0.27664948    0.27306492    0.27306492    0.20640636
T14            0.29967611    0.24507696    0.23831284    0.24063776    0.27193435    0.26055861    0.26021008    0.14272342    0.01007278    0.00000000    0.25894035    0.24775339    0.25082226    0.22940700    0.18844307    0.24867937    0.22769825    0.21805921    0.28546376    0.28589244    0.27029715    0.26677262    0.26677262    0.19804704
T1             0.31640906    0.27152561    0.25894035    0.25511137    0.29681116    0.29069857    0.27508044    0.26645597    0.26519334    0.25894035    0.00000000    0.02442133    0.02650474    0.03701157    0.11021063    0.18156122    0.16568308    0.15123387    0.23969356    0.23999829    0.21232648    0.20640636    0.20640636    0.24598876
T18            0.31348830    0.26245764    0.25006747    0.24632154    0.28746072    0.28143269    0.26604759    0.25431219    0.25391010    0.24775339    0.02442133    0.00000000    0.00200401    0.03280760    0.10319858    0.17906941    0.16580829    0.14883443    0.23702978    0.23733567    0.20640636    0.20059045    0.20059045    0.23733567
T9             0.31689160    0.26560381    0.25313632    0.24935311    0.29069857    0.28463937    0.26916424    0.25742895    0.25701715    0.25082226    0.02650474    0.00200401    0.00000000    0.03492636    0.10555739    0.18173675    0.16839952    0.15137950    0.23999829    0.24031303    0.20922418    0.20336907    0.20336907    0.24031303
T22            0.28915146    0.24433953    0.22940700    0.22588180    0.26570101    0.25987203    0.24505127    0.23937880    0.23532655    0.22940700    0.03701157    0.03280760    0.03492636    0.00000000    0.09859187    0.17394034    0.15568342    0.14391753    0.22850860    0.22879832    0.19827608    0.19529140    0.19529140    0.21723303
T23            0.27090075    0.20805997    0.19955822    0.19623166    0.23733567    0.23173198    0.22037347    0.18869567    0.19396972    0.18844307    0.11021063    0.10319858    0.10555739    0.09859187    0.00000000    0.13418406    0.11225958    0.09169938    0.18869567    0.18895711    0.16225882    0.14913764    0.14913764    0.17983192
T11            0.30423502    0.24267091    0.24470327    0.24398577    0.27863261    0.28143269    0.27230047    0.25276467    0.25476100    0.24867937    0.18156122    0.17906941    0.18173675    0.17394034    0.13418406    0.00000000    0.09634034    0.08539299    0.22822867    0.22560058    0.19804704    0.19276475    0.19276475    0.23086655
T3             0.28971584    0.24535360    0.22822867    0.23059781    0.26880795    0.26846237    0.26261326    0.22850860    0.23059781    0.22769825    0.16568308    0.16580829    0.16839952    0.15568342    0.11225958    0.09634034    0.00000000    0.05412981    0.19977334    0.19996362    0.17625485    0.17086556    0.17086556    0.21865739
T17            0.27615942    0.22385850    0.20436574    0.20384890    0.23468296    0.23437595    0.22879832    0.21607110    0.21805921    0.21805921    0.15123387    0.14883443    0.15137950    0.14391753    0.09169938    0.08539299    0.05412981    0.00000000    0.19298769    0.19321968    0.16692838    0.16151925    0.16151925    0.20616324
T20            0.38221820    0.30289892    0.29384858    0.30289892    0.31982399    0.32376857    0.31738594    0.28265454    0.28871217    0.28546376    0.23969356    0.23702978    0.23999829    0.22850860    0.18869567    0.22822867    0.19977334    0.19298769    0.00000000    0.00401105    0.11791390    0.11534782    0.11534782    0.29527307
T6             0.38281850    0.30340472    0.29668938    0.30577338    0.32621855    0.33021112    0.32376857    0.28308365    0.28915146    0.28589244    0.23999829    0.23733567    0.24031303    0.22879832    0.18895711    0.22560058    0.19996362    0.19321968    0.00401105    0.00000000    0.11806000    0.11548037    0.11548037    0.29573400
T16            0.33974052    0.27985621    0.26402458    0.27267733    0.29559908    0.29274337    0.28668199    0.27387219    0.27664948    0.27029715    0.21232648    0.20640636    0.20922418    0.19827608    0.16225882    0.19804704    0.17625485    0.16692838    0.11791390    0.11806000    0.00000000    0.03910324    0.03910324    0.26715102
T19            0.33155992    0.26365595    0.26990886    0.27863261    0.30173578    0.29885801    0.29274337    0.26402458    0.27306492    0.26677262    0.20640636    0.20059045    0.20336907    0.19529140    0.14913764    0.19276475    0.17086556    0.16151925    0.11534782    0.11548037    0.03910324    0.00000000    0.00000000    0.25442095
T13            0.33155992    0.26365595    0.26990886    0.27863261    0.30173578    0.29885801    0.29274337    0.26402458    0.27306492    0.26677262    0.20640636    0.20059045    0.20336907    0.19529140    0.14913764    0.19276475    0.17086556    0.16151925    0.11534782    0.11548037    0.03910324    0.00000000    0.00000000    0.25442095
T5             0.21303769    0.16732582    0.16206126    0.16956758    0.20336907    0.19851428    0.19276475    0.20948460    0.20640636    0.19804704    0.24598876    0.23733567    0.24031303    0.21723303    0.17983192    0.23086655    0.21865739    0.20616324    0.29527307    0.29573400    0.26715102    0.25442095    0.25442095    0.00000000

