24
T22            0.00000000    0.30606314    0.31862719    0.36085271    0.33697884    0.33944889    0.35690174    0.35998600    0.40117316    0.21352473    0.21331250    0.18949942    0.19241065    0.20393061    0.27580576    0.27580576    0.27580576    0.13161603    0.11537310    0.11537310    0.11997494    0.12501154    0.10557492    0.13684592
T17            0.30606314    0.00000000    0.07186866    0.35480979    0.35690174    0.35107798    0.36873927    0.36817446    0.40971805    0.28160003    0.28121031    0.25489702    0.28283549    0.29026666    0.38779437    0.38779437    0.38143564    0.32645871    0.31178762    0.30501252    0.31762059    0.30790013    0.30317425    0.32364386
T2             0.31862719    0.07186866    0.00000000    0.35127917    0.34963269    0.34750894    0.35775620    0.35723185    0.42166654    0.28160003    0.28121031    0.25489702    0.28283549    0.30026008    0.40524820    0.40524820    0.39473996    0.33344735    0.31521009    0.30501252    0.31762059    0.30790013    0.30650485    0.31689298
T6             0.36085271    0.35480979    0.35127917    0.00000000    0.06492891    0.07579428    0.08468832    0.08919369    0.14585107    0.33779830    0.34083519    0.31241220    0.31355158    0.34347936    0.42502330    0.42502330    0.42099233    0.36246229    0.36102083    0.35042899    0.37089311    0.36414657    0.34963232    0.37954548
T3             0.33697884    0.35690174    0.34963269    0.06492891    0.00000000    0.05639474    0.06505180    0.06945316    0.13731927    0.31862719    0.32157409    0.28723584    0.29087909    0.31419824    0.41680729    0.41680729    0.41272582    0.33560742    0.33441939    0.32408231    0.34396531    0.33742679    0.33003793    0.35218261
T5             0.33944889    0.35107798    0.34750894    0.07579428    0.05639474    0.00000000    0.02442224    0.02236544    0.12981183    0.31355158    0.31648981    0.28257973    0.28610522    0.31569226    0.38377098    0.38377098    0.37997026    0.33477424    0.33348340    0.32321776    0.34300629    0.33048761    0.33259783    0.36102083
T1             0.35690174    0.36873927    0.35775620    0.08468832    0.06505180    0.02442224    0.00000000    0.01008432    0.13935457    0.34044675    0.34347936    0.30811669    0.30853424    0.33944889    0.40649221    0.40649221    0.40252489    0.35526750    0.35414840    0.34347936    0.36396248    0.35107798    0.35313909    0.36869194
T11            0.35998600    0.36817446    0.35723185    0.08919369    0.06945316    0.02236544    0.01008432    0.00000000    0.13699564    0.33997325    0.34300629    0.30771101    0.30811669    0.33892443    0.40579321    0.40579321    0.40184172    0.35480979    0.35363715    0.34300629    0.36343833    0.35056657    0.34559254    0.36820944
T4             0.40117316    0.40971805    0.42166654    0.14585107    0.13731927    0.12981183    0.13935457    0.13699564    0.00000000    0.38834621    0.39156642    0.35981760    0.35775620    0.38634229    0.46285173    0.46285173    0.45850372    0.39256638    0.38664891    0.38664891    0.40848043    0.40131322    0.39310312    0.42005973
T21            0.21352473    0.28160003    0.28160003    0.33779830    0.31862719    0.31355158    0.34044675    0.33997325    0.38834621    0.00000000    0.00200301    0.03907144    0.10540713    0.12269654    0.28441241    0.28441241    0.27879862    0.22927662    0.22516077    0.21942099    0.22179967    0.22490603    0.20773377    0.24331643
T9             0.21331250    0.28121031    0.28121031    0.34083519    0.32157409    0.31648981    0.34347936    0.34300629    0.39156642    0.00200301    0.00000000    0.04117170    0.10533476    0.12255237    0.28402346    0.28402346    0.27840815    0.22907556    0.22490603    0.21918284    0.22157301    0.22466120    0.20754696    0.24309391
T7             0.18949942    0.25489702    0.25489702    0.31241220    0.28723584    0.28257973    0.30811669    0.30771101    0.35981760    0.03907144    0.04117170    0.00000000    0.08711189    0.10600183    0.26070071    0.26070071    0.25525122    0.20204541    0.18968973    0.18968973    0.19748103    0.20044323    0.18394996    0.21552366
T19            0.19241065    0.28283549    0.28283549    0.31355158    0.29087909    0.28610522    0.30853424    0.30811669    0.35775620    0.10540713    0.10533476    0.08711189    0.00000000    0.08520646    0.27682309    0.27682309    0.27127653    0.19136334    0.19261763    0.18447684    0.18949942    0.19241065    0.18179258    0.21852735
T13            0.20393061    0.29026666    0.30026008    0.34347936    0.31419824    0.31569226    0.33944889    0.33892443    0.38634229    0.12269654    0.12255237    0.10600183    0.08520646    0.00000000    0.29173260    0.29173260    0.29276524    0.21657574    0.21269954    0.20700843    0.21214738    0.20957324    0.19811978    0.22753929
T12            0.27580576    0.38779437    0.40524820    0.42502330    0.41680729    0.38377098    0.40649221    0.40579321    0.46285173    0.28441241    0.28402346    0.26070071    0.27682309    0.29173260    0.00000000    0.00000000    0.01415492    0.29087909    0.27045929    0.27363102    0.28241264    0.28607955    0.25727466    0.29007042
T0             0.27580576    0.38779437    0.40524820    0.42502330    0.41680729    0.38377098    0.40649221    0.40579321    0.46285173    0.28441241    0.28402346    0.26070071    0.27682309    0.29173260    0.00000000    0.00000000    0.01415492    0.29087909    0.27045929    0.27363102    0.28241264    0.28607955    0.25727466    0.29007042
T8             0.27580576    0.38143564    0.39473996    0.42099233    0.41272582    0.37997026    0.40252489    0.40184172    0.45850372    0.27879862    0.27840815    0.25525122    0.27127653    0.29276524    0.01415492    0.01415492    0.00000000    0.28522375    0.26495296    0.26810470    0.27682309    0.27404448    0.25184213    0.28441241
T10            0.13161603    0.32645871    0.33344735    0.36246229    0.33560742    0.33477424    0.35526750    0.35480979    0.39256638    0.22927662    0.22907556    0.20204541    0.19136334    0.21657574    0.29087909    0.29087909    0.28522375    0.00000000    0.03904357    0.03481443    0.04325481    0.04542040    0.07363949    0.11944080
T14            0.11537310    0.31178762    0.31521009    0.36102083    0.33441939    0.33348340    0.35414840    0.35363715    0.38664891    0.22516077    0.22490603    0.18968973    0.19261763    0.21269954    0.27045929    0.27045929    0.26495296    0.03904357    0.00000000    0.02034138    0.03285006    0.03716248    0.06512363    0.10577322
T16            0.11537310    0.30501252    0.30501252    0.35042899    0.32408231    0.32321776    0.34347936    0.34300629    0.38664891    0.21942099    0.21918284    0.18968973    0.18447684    0.20700843    0.27363102    0.27363102    0.26810470    0.03481443    0.02034138    0.00000000    0.02444476    0.02447364    0.05627018    0.09635507
T20            0.11997494    0.31762059    0.31762059    0.37089311    0.34396531    0.34300629    0.36396248    0.36343833    0.40848043    0.22179967    0.22157301    0.19748103    0.18949942    0.21214738    0.28241264    0.28241264    0.27682309    0.04325481    0.03285006    0.02444476    0.00000000    0.02859832    0.06056034    0.10557492
T15            0.12501154    0.30790013    0.30790013    0.36414657    0.33742679    0.33048761    0.35107798    0.35056657    0.40131322    0.22490603    0.22466120    0.20044323    0.19241065    0.20957324    0.28607955    0.28607955    0.27404448    0.04542040    0.03716248    0.02447364    0.02859832    0.00000000    0.06505180    0.10804721
T18            0.10557492    0.30317425    0.30650485    0.34963232    0.33003793    0.33259783    0.35313909    0.34559254    0.39310312    0.20773377    0.20754696    0.18394996    0.18179258    0.19811978    0.25727466    0.25727466    0.25184213    0.07363949    0.06512363    0.05627018    0.06056034    0.06505180    0.00000000    0.08928527
T23            0.13684592    0.32364386    0.31689298    0.37954548    0.35218261    0.36102083    0.36869194    0.36820944    0.42005973    0.24331643    0.24309391    0.21552366    0.21852735    0.22753929    0.29007042    0.29007042    0.28441241    0.11944080    0.10577322    0.09635507    0.10557492    0.10804721    0.08928527    0.00000000

