24
T10            0.00000000    0.35653512    0.35653512    0.34988984    0.38538395    0.39667810    0.40494276    0.40946047    0.39993938    0.41819700    0.32485401    0.31559130    0.32187933    0.31559130    0.31522795    0.31930365    0.31453795    0.30866408    0.28689907    0.30318259    0.33890638    0.24302856    0.24324919    0.24642357
T19            0.35653512    0.00000000    0.00000000    0.01212503    0.06067229    0.21960546    0.22747404    0.23886947    0.22459849    0.22747404    0.32628754    0.31759020    0.31716623    0.31759020    0.31716623    0.34943392    0.34027680    0.34378986    0.31802622    0.33125862    0.36173610    0.25563611    0.25592374    0.23886947
T15            0.35653512    0.00000000    0.00000000    0.01212503    0.06067229    0.21960546    0.22747404    0.23886947    0.22459849    0.22747404    0.32628754    0.31759020    0.31716623    0.31759020    0.31716623    0.34943392    0.34027680    0.34378986    0.31802622    0.33125862    0.36173610    0.25563611    0.25592374    0.23886947
T1             0.34988984    0.01212503    0.01212503    0.00000000    0.06519583    0.20572653    0.21628846    0.22459849    0.21066688    0.21346975    0.31989029    0.31130733    0.31089390    0.31130733    0.31089390    0.34281434    0.33378187    0.33725825    0.31423082    0.32483684    0.35501301    0.25592374    0.25622193    0.23914488
T7             0.38538395    0.06067229    0.06067229    0.06519583    0.00000000    0.25865969    0.26693156    0.28530158    0.27932669    0.27309063    0.35756176    0.35913719    0.36586078    0.36636676    0.36586078    0.40091069    0.38811690    0.39962868    0.37424927    0.37854625    0.39840476    0.30318259    0.30353869    0.28530158
T13            0.39667810    0.21960546    0.21960546    0.20572653    0.25865969    0.00000000    0.05621449    0.05846439    0.10360457    0.09418976    0.34428452    0.39133518    0.39075995    0.39133518    0.39075995    0.41540292    0.41804552    0.40616853    0.39192472    0.39638050    0.37424927    0.29489559    0.28882939    0.29167704
T12            0.40494276    0.22747404    0.22747404    0.21628846    0.26693156    0.05621449    0.00000000    0.05632472    0.10825645    0.10586903    0.36586078    0.41804552    0.41737819    0.41804552    0.41737819    0.43925807    0.44191437    0.42949546    0.41472146    0.41942566    0.39638050    0.31010275    0.31049236    0.30028876
T11            0.40946047    0.23886947    0.23886947    0.22459849    0.28530158    0.05846439    0.05632472    0.00000000    0.11053411    0.10102972    0.36376480    0.41472146    0.41405502    0.41472146    0.41405502    0.43584902    0.43849125    0.42612355    0.41141236    0.42421048    0.39314666    0.31381814    0.31423082    0.30064603
T9             0.39993938    0.22459849    0.22459849    0.21066688    0.27932669    0.10360457    0.10825645    0.11053411    0.00000000    0.08502456    0.38811690    0.39075995    0.39019905    0.39075995    0.39019905    0.40811808    0.42407000    0.41214600    0.39781462    0.41009619    0.38643442    0.30283833    0.30318259    0.29132791
T20            0.41819700    0.22747404    0.22747404    0.21346975    0.27309063    0.09418976    0.10586903    0.10102972    0.08502456    0.00000000    0.38291350    0.40494276    0.40435211    0.40494276    0.40435211    0.42949546    0.42949546    0.41214600    0.40554824    0.41009619    0.39515756    0.30680992    0.30718861    0.30028876
T17            0.32485401    0.32628754    0.32628754    0.31989029    0.35756176    0.34428452    0.36586078    0.36376480    0.38811690    0.38291350    0.00000000    0.22591117    0.22273677    0.22591117    0.22562906    0.24034749    0.23676514    0.23382170    0.22853822    0.22301045    0.25958202    0.22221857    0.22247280    0.20668325
T14            0.31559130    0.31759020    0.31759020    0.31130733    0.35913719    0.39133518    0.41804552    0.41472146    0.39075995    0.40494276    0.22591117    0.00000000    0.01008413    0.00806483    0.00805155    0.04338720    0.08281288    0.08298875    0.06952147    0.07412888    0.13446953    0.23036626    0.22772527    0.22853822
T22            0.32187933    0.31716623    0.31716623    0.31089390    0.36586078    0.39075995    0.41737819    0.41405502    0.39019905    0.40435211    0.22273677    0.01008413    0.00000000    0.01008413    0.01007282    0.04549460    0.08502456    0.08519668    0.07169462    0.07631046    0.13184478    0.23011656    0.22747404    0.22825739
T16            0.31559130    0.31759020    0.31759020    0.31130733    0.36636676    0.39133518    0.41804552    0.41472146    0.39075995    0.40494276    0.22591117    0.00806483    0.01008413    0.00000000    0.00401105    0.04338720    0.08281288    0.08298875    0.06952147    0.07412888    0.13446953    0.23036626    0.22772527    0.22853822
T2             0.31522795    0.31716623    0.31716623    0.31089390    0.36586078    0.39075995    0.41737819    0.41405502    0.39019905    0.40435211    0.22562906    0.00805155    0.01007282    0.00401105    0.00000000    0.04334379    0.08273569    0.08289724    0.06944696    0.07403718    0.13432715    0.22723272    0.22747404    0.22825739
T0             0.31930365    0.34943392    0.34943392    0.34281434    0.40091069    0.41540292    0.43925807    0.43584902    0.40811808    0.42949546    0.24034749    0.04338720    0.04549460    0.04338720    0.04334379    0.00000000    0.09410038    0.09428648    0.08060835    0.08529351    0.14155085    0.23647829    0.23382170    0.23768568
T5             0.31453795    0.34027680    0.34027680    0.33378187    0.38811690    0.41804552    0.44191437    0.43849125    0.42407000    0.42949546    0.23676514    0.08281288    0.08502456    0.08281288    0.08273569    0.09410038    0.00000000    0.02857253    0.03694644    0.04124101    0.12691680    0.22964721    0.22700136    0.23062592
T8             0.30866408    0.34378986    0.34378986    0.33725825    0.39962868    0.40616853    0.42949546    0.42612355    0.41214600    0.41214600    0.23382170    0.08298875    0.08519668    0.08298875    0.08289724    0.09428648    0.02857253    0.00000000    0.03701231    0.04133823    0.13932924    0.21586121    0.21325922    0.21960546
T4             0.28689907    0.31802622    0.31802622    0.31423082    0.37424927    0.39192472    0.41472146    0.41141236    0.39781462    0.40554824    0.22853822    0.06952147    0.07169462    0.06952147    0.06944696    0.08060835    0.03694644    0.03701231    0.00000000    0.02866593    0.11983485    0.21346975    0.21087916    0.20875457
T21            0.30318259    0.33125862    0.33125862    0.32483684    0.37854625    0.39638050    0.41942566    0.42421048    0.41009619    0.41009619    0.22301045    0.07412888    0.07631046    0.07412888    0.07403718    0.08529351    0.04124101    0.04133823    0.02866593    0.00000000    0.12731234    0.20530465    0.20273910    0.21466665
T23            0.33890638    0.36173610    0.36173610    0.35501301    0.39840476    0.37424927    0.39638050    0.39314666    0.38643442    0.39515756    0.25958202    0.13446953    0.13184478    0.13446953    0.13432715    0.14155085    0.12691680    0.13932924    0.11983485    0.12731234    0.00000000    0.25622193    0.25349782    0.24479123
T18            0.24302856    0.25563611    0.25563611    0.25592374    0.30318259    0.29489559    0.31010275    0.31381814    0.30283833    0.30680992    0.22221857    0.23036626    0.23011656    0.23036626    0.22723272    0.23647829    0.22964721    0.21586121    0.21346975    0.20530465    0.25622193    0.00000000    0.00602721    0.10065005
T3             0.24324919    0.25592374    0.25592374    0.25622193    0.30353869    0.28882939    0.31049236    0.31423082    0.30318259    0.30718861    0.22247280    0.22772527    0.22747404    0.22772527    0.22747404    0.23382170    0.22700136    0.21325922    0.21087916    0.20273910    0.25349782    0.00602721    0.00000000    0.10071085
T6             0.24642357    0.23886947    0.23886947    0.23914488    0.28530158    0.29167704    0.30028876    0.30064603    0.29132791    0.30028876    0.20668325    0.22853822    0.22825739    0.22853822    0.22825739    0.23768568    0.23062592    0.21960546    0.20875457    0.21466665    0.24479123    0.10065005    0.10071085    0.00000000

