24
T17            0.00000000    0.36300077    0.36419195    0.37494357    0.37552055    0.37042710    0.36791907    0.32048986    0.26805933    0.27719794    0.28042221    0.27798582    0.28397873    0.31768034    0.31390340    0.31725430    0.34404071    0.30269159    0.28155435    0.23014134    0.17537532    0.18875208    0.20527951    0.21584032
T2             0.36300077    0.00000000    0.02242038    0.04761026    0.04114534    0.03073481    0.03937475    0.37988043    0.34046078    0.34348004    0.31899995    0.30980385    0.31938854    0.35925068    0.35876841    0.35876841    0.38128429    0.32870995    0.32447371    0.35932872    0.29652919    0.31856870    0.33784737    0.36388704
T3             0.36419195    0.02242038    0.00000000    0.04124238    0.03483282    0.02450838    0.03307420    0.38113194    0.33445944    0.34461401    0.31978941    0.31725430    0.32358755    0.36025541    0.35974635    0.35974635    0.39007807    0.33297520    0.32540890    0.35317508    0.29737815    0.31950526    0.33885502    0.36497201
T0             0.37494357    0.04761026    0.04124238    0.00000000    0.04330823    0.04977528    0.05867831    0.39071299    0.35069174    0.35374963    0.33900470    0.33643057    0.34294265    0.37438036    0.37383092    0.37383092    0.41158181    0.35258748    0.34136387    0.38245334    0.31768034    0.34038194    0.36388704    0.38711689
T18            0.37552055    0.04114534    0.03483282    0.04330823    0.00000000    0.03907083    0.05200558    0.38625112    0.34900783    0.35206484    0.32755382    0.32493862    0.33131131    0.35567134    0.35520194    0.35520194    0.39033615    0.33394022    0.33297520    0.37179376    0.30726848    0.33042739    0.34389835    0.36025541
T16            0.37042710    0.03073481    0.02450838    0.04977528    0.03907083    0.00000000    0.03722363    0.38113194    0.34764656    0.35069174    0.32572409    0.32316292    0.32954363    0.35925068    0.35876841    0.35876841    0.39267772    0.33900470    0.33136102    0.35932872    0.29981405    0.32197705    0.33784737    0.35768186
T7             0.36791907    0.03937475    0.03307420    0.05867831    0.05200558    0.03722363    0.00000000    0.38881594    0.34519991    0.34823301    0.32316292    0.32062789    0.32699573    0.36388704    0.36336474    0.36336474    0.39007807    0.33643057    0.32886455    0.36419195    0.30736500    0.32987282    0.33184648    0.36497201
T12            0.32048986    0.37988043    0.38113194    0.39071299    0.38625112    0.38113194    0.38881594    0.00000000    0.12141477    0.12122344    0.15707101    0.15486003    0.15767694    0.19628955    0.19603902    0.19603902    0.22196968    0.17585318    0.14730438    0.31122568    0.25633431    0.25758008    0.30024372    0.30644948
T6             0.26805933    0.34046078    0.33445944    0.35069174    0.34900783    0.34764656    0.34519991    0.12141477    0.00000000    0.04146365    0.13046769    0.12833231    0.12564937    0.15506348    0.15486003    0.15486003    0.18183647    0.15071877    0.11122825    0.26341425    0.20844241    0.22425041    0.24641535    0.25147301
T1             0.27719794    0.34348004    0.34461401    0.35374963    0.35206484    0.35069174    0.34823301    0.12122344    0.04146365    0.00000000    0.13028973    0.12814513    0.12796569    0.16008694    0.15987805    0.15987805    0.17882554    0.15310290    0.12086357    0.28131775    0.21679003    0.23875247    0.24676086    0.26102371
T15            0.28042221    0.31899995    0.31978941    0.33900470    0.32755382    0.32572409    0.32316292    0.15707101    0.13046769    0.13028973    0.00000000    0.00602416    0.01413284    0.11013350    0.11005013    0.11005013    0.13698610    0.09388213    0.08495435    0.28195385    0.22887565    0.24813355    0.26790144    0.28253982
T21            0.27798582    0.30980385    0.31725430    0.33643057    0.32493862    0.32316292    0.32062789    0.15486003    0.12833231    0.12814513    0.00602416    0.00000000    0.01210031    0.10794115    0.10784806    0.10784806    0.13479425    0.09402450    0.08281813    0.27956451    0.22655227    0.24575486    0.26546475    0.28006702
T19            0.28397873    0.31938854    0.32358755    0.34294265    0.33131131    0.32954363    0.32699573    0.15767694    0.12564937    0.12796569    0.01413284    0.01210031    0.00000000    0.11022459    0.11013350    0.11013350    0.13463525    0.09860285    0.08046182    0.29124972    0.23212275    0.24844733    0.27133864    0.28606264
T20            0.31768034    0.35925068    0.36025541    0.37438036    0.35567134    0.35925068    0.36388704    0.19628955    0.15506348    0.16008694    0.11013350    0.10794115    0.11022459    0.00000000    0.00401106    0.00401106    0.15207861    0.12692873    0.11501195    0.29534173    0.25723836    0.28360220    0.30766091    0.31311018
T13            0.31390340    0.35876841    0.35974635    0.37383092    0.35520194    0.35876841    0.36336474    0.19603902    0.15486003    0.15987805    0.11005013    0.10784806    0.11013350    0.00401106    0.00000000    0.00401207    0.15189849    0.12681221    0.11490934    0.29496893    0.25690714    0.28323686    0.30726848    0.31273171
T11            0.31725430    0.35876841    0.35974635    0.37383092    0.35520194    0.35876841    0.36336474    0.19603902    0.15486003    0.15987805    0.11005013    0.10784806    0.11013350    0.00401106    0.00401207    0.00000000    0.15189849    0.12681221    0.11490934    0.29496893    0.25690714    0.28323686    0.30726848    0.31273171
T8             0.34404071    0.38128429    0.39007807    0.41158181    0.39033615    0.39267772    0.39007807    0.22196968    0.18183647    0.17882554    0.13698610    0.13479425    0.13463525    0.15207861    0.15189849    0.15189849    0.00000000    0.15987805    0.14474464    0.34764656    0.30644832    0.33260782    0.32394569    0.34348004
T10            0.30269159    0.32870995    0.33297520    0.35258748    0.33394022    0.33900470    0.33643057    0.17585318    0.15071877    0.15310290    0.09388213    0.09402450    0.09860285    0.12692873    0.12681221    0.12681221    0.15987805    0.00000000    0.11066569    0.29694796    0.24408143    0.26688342    0.28642700    0.30475872
T9             0.28155435    0.32447371    0.32540890    0.34136387    0.33297520    0.33136102    0.32886455    0.14730438    0.11122825    0.12086357    0.08495435    0.08281813    0.08046182    0.11501195    0.11490934    0.11490934    0.14474464    0.11066569    0.00000000    0.27279297    0.21813173    0.22830162    0.26580336    0.27726238
T4             0.23014134    0.35932872    0.35317508    0.38245334    0.37179376    0.35932872    0.36419195    0.31122568    0.26341425    0.28131775    0.28195385    0.27956451    0.29124972    0.29534173    0.29496893    0.29496893    0.34764656    0.29694796    0.27279297    0.00000000    0.12254453    0.13950058    0.21554262    0.22044447
T14            0.17537532    0.29652919    0.29737815    0.31768034    0.30726848    0.29981405    0.30736500    0.25633431    0.20844241    0.21679003    0.22887565    0.22655227    0.23212275    0.25723836    0.25690714    0.25690714    0.30644832    0.24408143    0.21813173    0.12254453    0.00000000    0.02234709    0.16736703    0.18279654
T23            0.18875208    0.31856870    0.31950526    0.34038194    0.33042739    0.32197705    0.32987282    0.25758008    0.22425041    0.23875247    0.24813355    0.24575486    0.24844733    0.28360220    0.28323686    0.28323686    0.33260782    0.26688342    0.22830162    0.13950058    0.02234709    0.00000000    0.18551686    0.20135962
T22            0.20527951    0.33784737    0.33885502    0.36388704    0.34389835    0.33784737    0.33184648    0.30024372    0.24641535    0.24676086    0.26790144    0.26546475    0.27133864    0.30766091    0.30726848    0.30726848    0.32394569    0.28642700    0.26580336    0.21554262    0.16736703    0.18551686    0.00000000    0.05632741
T5             0.21584032    0.36388704    0.36497201    0.38711689    0.36025541    0.35768186    0.36497201    0.30644948    0.25147301    0.26102371    0.28253982    0.28006702    0.28606264    0.31311018    0.31273171    0.31273171    0.34348004    0.30475872    0.27726238    0.22044447    0.18279654    0.20135962    0.05632741    0.00000000

