24
T5             0.00000000    0.30870249    0.31262550    0.33362934    0.28447351    0.28728198    0.28447351    0.29816442    0.31743083    0.30436486    0.29684833    0.24300863    0.23705237    0.26368494    0.26058672    0.26094618    0.28508072    0.29442208    0.29157970    0.26680252    0.24269460    0.25140580    0.27160884    0.27548819
T21            0.30870249    0.00000000    0.08069348    0.08088689    0.09673695    0.09898107    0.09673695    0.14617715    0.30772363    0.29399421    0.28993352    0.27998843    0.27998843    0.32185991    0.31845544    0.32233070    0.33888933    0.34540989    0.35109884    0.29684833    0.28280363    0.29775232    0.31757318    0.32435897
T3             0.31262550    0.08069348    0.00000000    0.03284802    0.11821956    0.12051742    0.11821956    0.16657549    0.32087058    0.30102855    0.29684833    0.28351820    0.29317237    0.33623396    0.33272168    0.33676547    0.34986914    0.35651360    0.37684057    0.30968953    0.29602780    0.30796588    0.33172042    0.33872038
T17            0.33362934    0.08088689    0.03284802    0.00000000    0.11855012    0.12084493    0.11855012    0.16957873    0.33487167    0.31450973    0.31014974    0.29643236    0.30301694    0.35053560    0.34692160    0.35111861    0.36063309    0.37107524    0.39189608    0.32433421    0.30259069    0.32140118    0.34581989    0.35302185
T2             0.28447351    0.09673695    0.11821956    0.11855012    0.00000000    0.00602720    0.00401611    0.12008362    0.28447351    0.26563546    0.25243014    0.24002161    0.24903681    0.27627379    0.27309669    0.27989053    0.30880423    0.31171538    0.32732893    0.25513869    0.23381312    0.25683908    0.26919409    0.28186268
T10            0.28728198    0.09898107    0.12051742    0.12084493    0.00602720    0.00000000    0.00200301    0.12239417    0.28728198    0.26838149    0.25513869    0.24269460    0.25173697    0.27906282    0.27587559    0.28268932    0.31171538    0.31463833    0.33031114    0.25785752    0.23646982    0.25957134    0.27196463    0.28467348
T16            0.28447351    0.09673695    0.11821956    0.11855012    0.00401611    0.00200301    0.00000000    0.12008362    0.28447351    0.26563546    0.25243014    0.24002161    0.24903681    0.27627379    0.27309669    0.27989053    0.30880423    0.31171538    0.32732893    0.25513869    0.23381312    0.25683908    0.26919409    0.28186268
T1             0.29816442    0.14617715    0.16657549    0.16957873    0.12008362    0.12239417    0.12008362    0.00000000    0.28918837    0.27032849    0.25785752    0.24181332    0.24239069    0.28427730    0.28107992    0.28146580    0.30389336    0.31008896    0.31968744    0.26607655    0.23276274    0.25262304    0.27029418    0.28280363
T4             0.31743083    0.30772363    0.32087058    0.33487167    0.28447351    0.28728198    0.28447351    0.28918837    0.00000000    0.04338688    0.09438897    0.27309669    0.27947125    0.30483716    0.30148964    0.30196212    0.34225751    0.33571484    0.34833130    0.29073418    0.27827861    0.28749530    0.32140118    0.33520813
T6             0.30436486    0.29399421    0.30102855    0.31450973    0.26563546    0.26838149    0.26563546    0.27032849    0.04338688    0.00000000    0.08502369    0.25243014    0.25858851    0.28311903    0.27989053    0.27390507    0.32281355    0.31645254    0.33221489    0.28146580    0.26607655    0.27511164    0.29525296    0.30837917
T20            0.29684833    0.28993352    0.29684833    0.31014974    0.25243014    0.25513869    0.25243014    0.25785752    0.09438897    0.08502369    0.00000000    0.25411726    0.26718141    0.28227053    0.27906282    0.27309669    0.31507403    0.30217601    0.32778678    0.27511164    0.25140580    0.26643422    0.29850230    0.31171538
T0             0.24300863    0.27998843    0.28351820    0.29643236    0.24002161    0.24269460    0.24002161    0.24181332    0.27309669    0.25243014    0.25411726    0.00000000    0.08330417    0.09474425    0.09239071    0.09251804    0.12252933    0.12978573    0.14948259    0.13904126    0.12641598    0.13609916    0.16136513    0.17184082
T23            0.23705237    0.27998843    0.29317237    0.30301694    0.24903681    0.25173697    0.24903681    0.24239069    0.27947125    0.25858851    0.26718141    0.08330417    0.00000000    0.08588214    0.07891979    0.08368425    0.10398154    0.10864541    0.13529667    0.13461689    0.13642259    0.14631000    0.16693910    0.17758243
T8             0.26368494    0.32185991    0.33623396    0.35053560    0.27627379    0.27906282    0.27627379    0.28427730    0.30483716    0.28311903    0.28227053    0.09474425    0.08588214    0.00000000    0.00603635    0.01829819    0.11791940    0.12513609    0.14472181    0.14948259    0.14617715    0.15365015    0.17223240    0.18571655
T13            0.26058672    0.31845544    0.33272168    0.34692160    0.27309669    0.27587559    0.27309669    0.28107992    0.30148964    0.27989053    0.27906282    0.09239071    0.07891979    0.00603635    0.00000000    0.01623196    0.11548559    0.12267226    0.14217634    0.14692409    0.14366379    0.15110477    0.17223240    0.18571655
T9             0.26094618    0.32233070    0.33676547    0.35111861    0.27989053    0.28268932    0.27989053    0.28146580    0.30196212    0.27390507    0.27309669    0.09251804    0.08368425    0.01829819    0.01623196    0.00000000    0.11562590    0.12282291    0.14235356    0.14709813    0.14379030    0.15124214    0.16713377    0.18050958
T18            0.28508072    0.33888933    0.34986914    0.36063309    0.30880423    0.31171538    0.30880423    0.30389336    0.34225751    0.32281355    0.31507403    0.12252933    0.10398154    0.11791940    0.11548559    0.11562590    0.00000000    0.01414110    0.04334355    0.17449446    0.16815437    0.17583512    0.20550586    0.21674799
T22            0.29442208    0.34540989    0.35651360    0.37107524    0.31171538    0.31463833    0.31171538    0.31008896    0.33571484    0.31645254    0.30217601    0.12978573    0.10864541    0.12513609    0.12267226    0.12282291    0.01414110    0.00000000    0.05413090    0.18232970    0.17583512    0.18360727    0.21368432    0.22508692
T11            0.29157970    0.35109884    0.37684057    0.39189608    0.32732893    0.33031114    0.32732893    0.31968744    0.34833130    0.33221489    0.32778678    0.14948259    0.13529667    0.14472181    0.14217634    0.14235356    0.04334355    0.05413090    0.00000000    0.18443103    0.18334172    0.18586226    0.21585673    0.22196781
T19            0.26680252    0.29684833    0.30968953    0.32433421    0.25513869    0.25785752    0.25513869    0.26607655    0.29073418    0.28146580    0.27511164    0.13904126    0.13461689    0.14948259    0.14692409    0.14709813    0.17449446    0.18232970    0.18443103    0.00000000    0.12416374    0.13364150    0.16364803    0.17412364
T7             0.24269460    0.28280363    0.29602780    0.30259069    0.23381312    0.23646982    0.23381312    0.23276274    0.27827861    0.26607655    0.25140580    0.12641598    0.13642259    0.14617715    0.14366379    0.14379030    0.16815437    0.17583512    0.18334172    0.12416374    0.00000000    0.05179247    0.10539522    0.11489885
T15            0.25140580    0.29775232    0.30796588    0.32140118    0.25683908    0.25957134    0.25683908    0.25262304    0.28749530    0.27511164    0.26643422    0.13609916    0.14631000    0.15365015    0.15110477    0.15124214    0.17583512    0.18360727    0.18586226    0.13364150    0.05179247    0.00000000    0.12203551    0.13184253
T12            0.27160884    0.31757318    0.33172042    0.34581989    0.26919409    0.27196463    0.26919409    0.27029418    0.32140118    0.29525296    0.29850230    0.16136513    0.16693910    0.17223240    0.17223240    0.16713377    0.20550586    0.21368432    0.21585673    0.16364803    0.10539522    0.12203551    0.00000000    0.01210952
T14            0.27548819    0.32435897    0.33872038    0.35302185    0.28186268    0.28467348    0.28186268    0.28280363    0.33520813    0.30837917    0.31171538    0.17184082    0.17758243    0.18571655    0.18571655    0.18050958    0.21674799    0.22508692    0.22196781    0.17412364    0.11489885    0.13184253    0.01210952    0.00000000

