24
T10            0.00000000    0.23573858    0.22784554    0.25145829    0.26215254    0.25285090    0.23805150    0.24406547    0.23608689    0.24104941    0.25791558    0.29301631    0.24746502    0.23275853    0.23012668    0.22392384    0.27480850    0.29284951    0.28515390    0.26578734    0.26269671    0.25450183    0.20671090    0.22332663
T14            0.23573858    0.00000000    0.07469633    0.19485435    0.21559834    0.20112828    0.19860620    0.20432749    0.17119924    0.18128471    0.18900553    0.23838243    0.17070004    0.15811502    0.16317020    0.15287491    0.28832701    0.30693960    0.30971368    0.27666932    0.27342753    0.26110166    0.20941350    0.23838243
T3             0.22784554    0.07469633    0.00000000    0.16513931    0.17964448    0.17690188    0.16365976    0.16902690    0.14039377    0.15266216    0.15746026    0.19609298    0.13244869    0.12796109    0.14039377    0.13046281    0.25052744    0.27760855    0.27666932    0.25711333    0.25400308    0.23681298    0.19264372    0.20907634
T9             0.25145829    0.19485435    0.16513931    0.00000000    0.09005569    0.09005569    0.07177751    0.08089282    0.15207322    0.15706533    0.16677385    0.20272491    0.14916260    0.13949633    0.15465918    0.14456314    0.27555422    0.30353751    0.30591008    0.28319560    0.27996457    0.27397611    0.21355696    0.24175267
T16            0.26215254    0.21559834    0.17964448    0.09005569    0.00000000    0.03294860    0.02454953    0.02876079    0.16075588    0.16536184    0.16757299    0.22748473    0.16559281    0.15571590    0.16075588    0.15309584    0.28690105    0.31563597    0.29782575    0.28409184    0.28083965    0.27250814    0.22298357    0.24944163
T12            0.25285090    0.20112828    0.17690188    0.09005569    0.03294860    0.00000000    0.02454953    0.03300794    0.15811502    0.16802379    0.15967155    0.21854347    0.15767022    0.14789669    0.15287491    0.14531731    0.28039668    0.30541253    0.29447512    0.28409184    0.28083965    0.25982928    0.21420025    0.24022532
T0             0.23805150    0.19860620    0.16365976    0.07177751    0.02454953    0.02454953    0.00000000    0.01214684    0.15048948    0.16029712    0.15207322    0.21011523    0.14492403    0.13531382    0.14531731    0.13784732    0.27439826    0.29918646    0.28175811    0.27163111    0.26845152    0.25711333    0.19737115    0.22263144
T4             0.24406547    0.20432749    0.16902690    0.08089282    0.02876079    0.03300794    0.01214684    0.00000000    0.16099771    0.17094539    0.15725862    0.21597098    0.15006941    0.14039377    0.14531731    0.13784732    0.27760855    0.30591008    0.28503174    0.27483113    0.27163111    0.26024310    0.20019119    0.22558515
T21            0.23608689    0.17119924    0.14039377    0.15207322    0.16075588    0.15811502    0.15048948    0.16099771    0.00000000    0.04988340    0.14456314    0.17390459    0.12530669    0.12333611    0.11365919    0.10413307    0.27717605    0.29871159    0.29782575    0.25248732    0.24943437    0.24139605    0.20556907    0.22819620
T5             0.24104941    0.18128471    0.15266216    0.15706533    0.16536184    0.16802379    0.16029712    0.17094539    0.04988340    0.00000000    0.15912167    0.18900553    0.14202330    0.14001075    0.13261697    0.12283599    0.28557412    0.30733927    0.30641910    0.27316401    0.27000471    0.26176001    0.21098865    0.24211925
T22            0.25791558    0.18900553    0.15746026    0.16677385    0.16757299    0.15967155    0.15207322    0.15725862    0.14456314    0.15912167    0.00000000    0.14987161    0.10576582    0.10113422    0.11753660    0.11042757    0.29692578    0.32242413    0.31909093    0.28839533    0.28515390    0.26100633    0.23242898    0.25285090
T1             0.29301631    0.23838243    0.19609298    0.20272491    0.22748473    0.21854347    0.21011523    0.21597098    0.17390459    0.18900553    0.14987161    0.00000000    0.12547186    0.12351818    0.15571590    0.14552604    0.33200240    0.37047245    0.36633147    0.31616872    0.31272565    0.30067896    0.26382681    0.28882426
T7             0.24746502    0.17070004    0.13244869    0.14916260    0.16559281    0.15767022    0.14492403    0.15006941    0.12530669    0.14202330    0.10576582    0.12547186    0.00000000    0.03069888    0.09898884    0.08973209    0.26374556    0.28557412    0.28690105    0.26176001    0.25864990    0.23838906    0.20781959    0.22819620
T13            0.23275853    0.15811502    0.12796109    0.13949633    0.15571590    0.14789669    0.13531382    0.14039377    0.12333611    0.14001075    0.10113422    0.12351818    0.03069888    0.00000000    0.09698631    0.08772362    0.26803907    0.28690105    0.28503174    0.25360881    0.25052744    0.23644503    0.19456698    0.21969514
T6             0.23012668    0.16317020    0.14039377    0.15465918    0.16075588    0.15287491    0.14531731    0.14531731    0.11365919    0.13261697    0.11753660    0.15571590    0.09898884    0.09698631    0.00000000    0.01619052    0.26449775    0.29539461    0.29447512    0.25631562    0.25322474    0.24516304    0.21420025    0.23494077
T17            0.22392384    0.15287491    0.13046281    0.14456314    0.15309584    0.14531731    0.13784732    0.13784732    0.10413307    0.12283599    0.11042757    0.14552604    0.08973209    0.08772362    0.01619052    0.00000000    0.25864990    0.28926812    0.28832701    0.24442130    0.24139605    0.23344700    0.20302729    0.22334515
T23            0.27480850    0.28832701    0.25052744    0.27555422    0.28690105    0.28039668    0.27439826    0.27760855    0.27717605    0.28557412    0.29692578    0.33200240    0.26374556    0.26803907    0.26449775    0.25864990    0.00000000    0.10124040    0.09949466    0.14237113    0.13983124    0.12778970    0.20272491    0.22228880
T2             0.29284951    0.30693960    0.27760855    0.30353751    0.31563597    0.30541253    0.29918646    0.30591008    0.29871159    0.30733927    0.32242413    0.37047245    0.28557412    0.28690105    0.29539461    0.28926812    0.10124040    0.00000000    0.04545427    0.15207322    0.14950062    0.13228832    0.21038070    0.23012668
T11            0.28515390    0.30971368    0.27666932    0.30591008    0.29782575    0.29447512    0.28175811    0.28503174    0.29782575    0.30641910    0.31909093    0.36633147    0.28690105    0.28503174    0.29447512    0.28832701    0.09949466    0.04545427    0.00000000    0.13513128    0.13261697    0.12069097    0.20619929    0.22892631
T15            0.26578734    0.27666932    0.25711333    0.28319560    0.28409184    0.28409184    0.27163111    0.27483113    0.25248732    0.27316401    0.28839533    0.31616872    0.26176001    0.25360881    0.25631562    0.24442130    0.14237113    0.15207322    0.13513128    0.00000000    0.00200402    0.05852993    0.20019119    0.21969514
T20            0.26269671    0.27342753    0.25400308    0.27996457    0.28083965    0.28083965    0.26845152    0.27163111    0.24943437    0.27000471    0.28515390    0.31272565    0.25864990    0.25052744    0.25322474    0.24139605    0.13983124    0.14950062    0.13261697    0.00200402    0.00000000    0.05632669    0.19737115    0.21677604
T8             0.25450183    0.26110166    0.23681298    0.27397611    0.27250814    0.25982928    0.25711333    0.26024310    0.24139605    0.26176001    0.26100633    0.30067896    0.23838906    0.23644503    0.24516304    0.23344700    0.12778970    0.13228832    0.12069097    0.05852993    0.05632669    0.00000000    0.18155111    0.20049454
T18            0.20671090    0.20941350    0.19264372    0.21355696    0.22298357    0.21420025    0.19737115    0.20019119    0.20556907    0.21098865    0.23242898    0.26382681    0.20781959    0.19456698    0.21420025    0.20302729    0.20272491    0.21038070    0.20619929    0.20019119    0.19737115    0.18155111    0.00000000    0.03701315
T19            0.22332663    0.23838243    0.20907634    0.24175267    0.24944163    0.24022532    0.22263144    0.22558515    0.22819620    0.24211925    0.25285090    0.28882426    0.22819620    0.21969514    0.23494077    0.22334515    0.22228880    0.23012668    0.22892631    0.21969514    0.21677604    0.20049454    0.03701315    0.00000000

