24
T1             0.00000000    0.31412674    0.31998251    0.29781201    0.31073017    0.29872857    0.32741535    0.30159318    0.29211544    0.33088019    0.35820740    0.34794017    0.32885569    0.32638354    0.25053183    0.27035891    0.30360972    0.32571868    0.33944404    0.33856534    0.30001087    0.29712666    0.29615310    0.29615310
T0             0.31412674    0.00000000    0.07622514    0.05194961    0.05846693    0.04770935    0.09462826    0.08309315    0.06952526    0.21784120    0.25286253    0.24105976    0.23345746    0.21937039    0.20050256    0.23609742    0.28504863    0.29920389    0.30831781    0.30400571    0.24607546    0.24339411    0.24607546    0.27081016
T10            0.31998251    0.07622514    0.00000000    0.02656555    0.08079328    0.06074358    0.11350392    0.10399345    0.08761528    0.22654816    0.26216548    0.25016446    0.24556101    0.23118709    0.21068824    0.23839934    0.28738193    0.29495812    0.30067721    0.30311352    0.26065674    0.25792702    0.25757517    0.28277863
T21            0.29781201    0.05194961    0.02656555    0.00000000    0.05632719    0.03701336    0.08772500    0.07859940    0.06289309    0.20161358    0.24176367    0.23013646    0.22559542    0.21164278    0.18901210    0.22456896    0.26932273    0.27676850    0.28884151    0.28475879    0.24339411    0.24072281    0.24039589    0.26490268
T11            0.31073017    0.05846693    0.08079328    0.05632719    0.00000000    0.04783508    0.10174137    0.09240032    0.06969557    0.22424597    0.26216548    0.25016446    0.24250744    0.22820653    0.20273271    0.23310802    0.28177445    0.28365382    0.28928389    0.28516833    0.24910097    0.24641049    0.24607546    0.26765032
T4             0.29872857    0.04770935    0.06074358    0.03701336    0.04783508    0.00000000    0.08100179    0.07651674    0.05860083    0.20442582    0.23874715    0.22718251    0.21970468    0.20588800    0.18956496    0.21645949    0.26702154    0.27441271    0.28646338    0.28235749    0.23508111    0.23243851    0.23211848    0.25632803
T8             0.32741535    0.09462826    0.11350392    0.08772500    0.10174137    0.08100179    0.00000000    0.10654051    0.09005717    0.24407621    0.27852165    0.26614257    0.26068124    0.24289422    0.21099714    0.25092438    0.30229343    0.30305296    0.31565597    0.31121647    0.26256882    0.25984251    0.25943865    0.28504863
T15            0.30159318    0.08309315    0.10399345    0.07859940    0.09240032    0.07651674    0.10654051    0.00000000    0.06061346    0.21497237    0.25594425    0.24711103    0.23047697    0.22229839    0.18928410    0.23609742    0.27528996    0.28928389    0.30159318    0.29737081    0.23415391    0.23150798    0.22829844    0.25214496
T16            0.29211544    0.06952526    0.08761528    0.06289309    0.06969557    0.05860083    0.09005717    0.06061346    0.00000000    0.20110922    0.22624555    0.21784120    0.20753612    0.19402577    0.17807096    0.21583627    0.25984251    0.26412867    0.27914686    0.27518854    0.22566960    0.22305050    0.22277587    0.24641049
T2             0.33088019    0.21784120    0.22654816    0.20161358    0.22424597    0.20442582    0.24407621    0.21497237    0.20110922    0.00000000    0.21266993    0.21009838    0.20557718    0.19206512    0.22566960    0.24186629    0.27691295    0.29174344    0.30071620    0.29041116    0.27845628    0.27564501    0.26365780    0.29747466
T17            0.35820740    0.25286253    0.26216548    0.24176367    0.26216548    0.23874715    0.27852165    0.25594425    0.22624555    0.21266993    0.00000000    0.01210031    0.05185827    0.03692409    0.22917336    0.28116017    0.32292820    0.33434732    0.34846234    0.35458927    0.31389747    0.31097234    0.30071620    0.32743701
T23            0.34794017    0.24105976    0.25016446    0.23013646    0.25016446    0.22718251    0.26614257    0.24711103    0.21784120    0.21009838    0.01210031    0.00000000    0.04327791    0.02854272    0.22072664    0.26890901    0.31316621    0.32446621    0.33833578    0.34794017    0.30436004    0.30146856    0.29139306    0.31767359
T18            0.32885569    0.23345746    0.24556101    0.22559542    0.24250744    0.21970468    0.26068124    0.23047697    0.20753612    0.20557718    0.05185827    0.04327791    0.00000000    0.01823255    0.21553882    0.26490268    0.30592869    0.31364057    0.32741535    0.33689573    0.29041486    0.28758126    0.27761354    0.29781201
T6             0.32638354    0.21937039    0.23118709    0.21164278    0.22820653    0.20588800    0.24289422    0.22229839    0.19402577    0.19206512    0.03692409    0.02854272    0.01823255    0.00000000    0.20981746    0.25249860    0.29256866    0.30355382    0.31704872    0.32638354    0.28397308    0.28116017    0.27133416    0.29694102
T3             0.25053183    0.20050256    0.21068824    0.18901210    0.20273271    0.18956496    0.21099714    0.18928410    0.17807096    0.22566960    0.22917336    0.22072664    0.21553882    0.20981746    0.00000000    0.16904967    0.21160791    0.23331651    0.23864650    0.23814485    0.19674499    0.19419766    0.19134948    0.20533456
T13            0.27035891    0.23609742    0.23839934    0.22456896    0.23310802    0.21645949    0.25092438    0.23609742    0.21583627    0.24186629    0.28116017    0.26890901    0.26490268    0.25249860    0.16904967    0.00000000    0.18326357    0.18445975    0.19809791    0.20598369    0.16338673    0.16094437    0.15825487    0.17381182
T7             0.30360972    0.28504863    0.28738193    0.26932273    0.28177445    0.26702154    0.30229343    0.27528996    0.25984251    0.27691295    0.32292820    0.31316621    0.30592869    0.29256866    0.21160791    0.18326357    0.00000000    0.10895752    0.11350392    0.12299772    0.11350392    0.11122700    0.11107517    0.13550782
T22            0.32571868    0.29920389    0.29495812    0.27676850    0.28365382    0.27441271    0.30305296    0.28928389    0.26412867    0.29174344    0.33434732    0.32446621    0.31364057    0.30355382    0.23331651    0.18445975    0.10895752    0.00000000    0.08061316    0.08963986    0.13245163    0.13011820    0.12747295    0.15506137
T14            0.33944404    0.30831781    0.30067721    0.28884151    0.28928389    0.28646338    0.31565597    0.30159318    0.27914686    0.30071620    0.34846234    0.33833578    0.32741535    0.31704872    0.23864650    0.19809791    0.11350392    0.08061316    0.00000000    0.02450830    0.13245163    0.13011820    0.13463406    0.15726274
T12            0.33856534    0.30400571    0.30311352    0.28475879    0.28516833    0.28235749    0.31121647    0.29737081    0.27518854    0.29041116    0.35458927    0.34794017    0.33689573    0.32638354    0.23814485    0.20598369    0.12299772    0.08963986    0.02450830    0.00000000    0.14219649    0.13983453    0.14439811    0.16736496
T5             0.30001087    0.24607546    0.26065674    0.24339411    0.24910097    0.23508111    0.26256882    0.23415391    0.22566960    0.27845628    0.31389747    0.30436004    0.29041486    0.28397308    0.19674499    0.16338673    0.11350392    0.13245163    0.13245163    0.14219649    0.00000000    0.00200301    0.02439301    0.04541962
T9             0.29712666    0.24339411    0.25792702    0.24072281    0.24641049    0.23243851    0.25984251    0.23150798    0.22305050    0.27564501    0.31097234    0.30146856    0.28758126    0.28116017    0.19419766    0.16094437    0.11122700    0.13011820    0.13011820    0.13983453    0.00200301    0.00000000    0.02233000    0.04330819
T20            0.29615310    0.24607546    0.25757517    0.24039589    0.24607546    0.23211848    0.25943865    0.22829844    0.22277587    0.26365780    0.30071620    0.29139306    0.27761354    0.27133416    0.19134948    0.15825487    0.11107517    0.12747295    0.13463406    0.14439811    0.02439301    0.02233000    0.00000000    0.03694730
T19            0.29615310    0.27081016    0.28277863    0.26490268    0.26765032    0.25632803    0.28504863    0.25214496    0.24641049    0.29747466    0.32743701    0.31767359    0.29781201    0.29694102    0.20533456    0.17381182    0.13550782    0.15506137    0.15726274    0.16736496    0.04541962    0.04330819    0.03694730    0.00000000

