24
T18            0.00000000    0.33862456    0.33914165    0.33212282    0.38019443    0.29239511    0.31734290    0.28101801    0.23141443    0.24029134    0.24629810    0.27581346    0.26292530    0.24833579    0.24664018    0.29854786    0.26790907    0.27264848    0.26950342    0.13196636    0.11521864    0.11052374    0.11305412    0.11950712
T15            0.33862456    0.00000000    0.01212484    0.07149438    0.31792866    0.22938646    0.27303516    0.25314371    0.20848561    0.21129485    0.21696114    0.25168726    0.25374967    0.23349635    0.20128610    0.26476399    0.23266356    0.24932876    0.24932876    0.40020647    0.36141775    0.35100691    0.34930297    0.33969920
T12            0.33914165    0.01212484    0.00000000    0.07605730    0.31499517    0.22970465    0.27343252    0.25952127    0.21436756    0.21721683    0.22296458    0.25816326    0.26018523    0.23967334    0.20434991    0.26516312    0.23300020    0.25581586    0.25581586    0.40490632    0.36203888    0.35160029    0.34985823    0.33668100
T7             0.33212282    0.07149438    0.07605730    0.00000000    0.31413901    0.23201945    0.26089107    0.24445826    0.20035983    0.20035983    0.20871728    0.25439716    0.24503085    0.22505095    0.19093367    0.24361867    0.21833482    0.24061532    0.24968006    0.39696787    0.34378524    0.34076755    0.33914165    0.34367524
T8             0.38019443    0.31792866    0.31499517    0.31413901    0.00000000    0.14252221    0.16731555    0.29160314    0.23909545    0.25103759    0.25103759    0.30006710    0.29636275    0.27155281    0.25439716    0.29434995    0.27581346    0.27433451    0.26810315    0.40275742    0.40744430    0.40417563    0.38019443    0.39500179
T22            0.29239511    0.22938646    0.22970465    0.23201945    0.14252221    0.00000000    0.08329807    0.19213983    0.14643692    0.15666807    0.15666807    0.19320641    0.19621721    0.17713979    0.17309412    0.20717504    0.18593392    0.17734478    0.17467078    0.33293138    0.32291798    0.31998488    0.30236374    0.31784782
T9             0.31734290    0.27303516    0.27343252    0.26089107    0.16731555    0.08329807    0.00000000    0.23642920    0.18500884    0.19596908    0.19596908    0.22615367    0.23466222    0.21204194    0.21090717    0.25619617    0.22154529    0.21804109    0.21516724    0.34855600    0.34552429    0.34612892    0.31836450    0.33561992
T20            0.28101801    0.25314371    0.25952127    0.24445826    0.29160314    0.19213983    0.23642920    0.00000000    0.07355422    0.08028093    0.08481623    0.13666648    0.13608866    0.12406930    0.16394550    0.20015140    0.17657741    0.19506740    0.19781488    0.32865002    0.31636837    0.30671269    0.29964191    0.30093509
T13            0.23141443    0.20848561    0.21436756    0.20035983    0.23909545    0.14643692    0.18500884    0.07355422    0.00000000    0.01007275    0.01415442    0.09642481    0.09618614    0.08028093    0.12213754    0.15876378    0.13405317    0.14882804    0.15137272    0.27621019    0.25619617    0.25349031    0.24328570    0.24473945
T21            0.24029134    0.21129485    0.21721683    0.20035983    0.25103759    0.15666807    0.19596908    0.08028093    0.01007275    0.00000000    0.01210942    0.10348402    0.10084833    0.08709940    0.12949097    0.16655664    0.14153500    0.15650128    0.15908543    0.28585813    0.26557267    0.26283759    0.25237791    0.25072818
T6             0.24629810    0.21696114    0.22296458    0.20871728    0.25103759    0.15666807    0.19596908    0.08481623    0.01415442    0.01210942    0.00000000    0.10348402    0.10792419    0.09169728    0.13445406    0.17182020    0.14658583    0.16168300    0.16429415    0.29239511    0.27192283    0.26916766    0.25853259    0.25678954
T11            0.27581346    0.25168726    0.25816326    0.25439716    0.30006710    0.19320641    0.22615367    0.13666648    0.09642481    0.10348402    0.10348402    0.00000000    0.09461127    0.08088155    0.16711302    0.20408748    0.17982096    0.19573001    0.19850033    0.32424070    0.29950082    0.29664912    0.29194613    0.28501374
T17            0.26292530    0.25374967    0.26018523    0.24503085    0.29636275    0.19621721    0.23466222    0.13608866    0.09618614    0.10084833    0.10792419    0.09461127    0.00000000    0.01823213    0.15137272    0.19275253    0.16900632    0.19275253    0.19550002    0.30671269    0.28585813    0.28304952    0.26292530    0.27505234
T23            0.24833579    0.23349635    0.23967334    0.22505095    0.27155281    0.17713979    0.21204194    0.12406930    0.08028093    0.08709940    0.09169728    0.08088155    0.01823213    0.00000000    0.13902859    0.17694354    0.15377862    0.17694354    0.17961754    0.28460803    0.26437530    0.26163858    0.24234704    0.25952127
T16            0.24664018    0.20128610    0.20434991    0.19093367    0.25439716    0.17309412    0.21090717    0.16394550    0.12213754    0.12949097    0.13445406    0.16711302    0.15137272    0.13902859    0.00000000    0.11269769    0.08954206    0.09867437    0.09651917    0.29380854    0.27790442    0.27512842    0.26516312    0.25103759
T2             0.29854786    0.26476399    0.26516312    0.24361867    0.29434995    0.20717504    0.25619617    0.20015140    0.15876378    0.16655664    0.17182020    0.20408748    0.19275253    0.17694354    0.11269769    0.00000000    0.05407541    0.13210975    0.13210975    0.34191349    0.32938463    0.32642739    0.31201881    0.30294272
T0             0.26790907    0.23266356    0.23300020    0.21833482    0.27581346    0.18593392    0.22154529    0.17657741    0.13405317    0.14153500    0.14658583    0.17982096    0.16900632    0.15377862    0.08954206    0.05407541    0.00000000    0.10824617    0.11064436    0.32291798    0.29714241    0.29430179    0.28069108    0.28179786
T5             0.27264848    0.24932876    0.25581586    0.24061532    0.27433451    0.17734478    0.21804109    0.19506740    0.14882804    0.15650128    0.16168300    0.19573001    0.19275253    0.17694354    0.09867437    0.13210975    0.10824617    0.00000000    0.03483137    0.33123501    0.30861688    0.30912167    0.28867767    0.28345708
T4             0.26950342    0.24932876    0.25581586    0.24968006    0.26810315    0.17467078    0.21516724    0.19781488    0.15137272    0.15908543    0.16429415    0.19850033    0.19550002    0.17961754    0.09651917    0.13210975    0.11064436    0.03483137    0.00000000    0.33476922    0.30285707    0.30236374    0.28220418    0.28665239
T19            0.13196636    0.40020647    0.40490632    0.39696787    0.40275742    0.33293138    0.34855600    0.32865002    0.27621019    0.28585813    0.29239511    0.32424070    0.30671269    0.28460803    0.29380854    0.34191349    0.32291798    0.33123501    0.33476922    0.00000000    0.10575024    0.10111986    0.10813129    0.13405317
T10            0.11521864    0.36141775    0.36203888    0.34378524    0.40744430    0.32291798    0.34552429    0.31636837    0.25619617    0.26557267    0.27192283    0.29950082    0.28585813    0.26437530    0.27790442    0.32938463    0.29714241    0.30861688    0.30285707    0.10575024    0.00000000    0.01210015    0.06276113    0.10774746
T14            0.11052374    0.35100691    0.35160029    0.34076755    0.40417563    0.31998488    0.34612892    0.30671269    0.25349031    0.26283759    0.26916766    0.29664912    0.28304952    0.26163858    0.27512842    0.32642739    0.29430179    0.30912167    0.30236374    0.10111986    0.01210015    0.00000000    0.05840521    0.10311482
T3             0.11305412    0.34930297    0.34985823    0.33914165    0.38019443    0.30236374    0.31836450    0.29964191    0.24328570    0.25237791    0.25853259    0.29194613    0.26292530    0.24234704    0.26516312    0.31201881    0.28069108    0.28867767    0.28220418    0.10813129    0.06276113    0.05840521    0.00000000    0.10070485
T1             0.11950712    0.33969920    0.33668100    0.34367524    0.39500179    0.31784782    0.33561992    0.30093509    0.24473945    0.25072818    0.25678954    0.28501374    0.27505234    0.25952127    0.25103759    0.30294272    0.28179786    0.28345708    0.28665239    0.13405317    0.10774746    0.10311482    0.10070485    0.00000000

