24
T16            0.00000000    0.24786465    0.24307842    0.28237263    0.25830172    0.23774367    0.27359281    0.24040605    0.25296657    0.28412494    0.27123734    0.26414161    0.25521961    0.24911201    0.26892119    0.30476806    0.12980456    0.12965805    0.12763175    0.15190069    0.13396237    0.14130115    0.11093310    0.11721516
T12            0.24786465    0.00000000    0.10625499    0.13317634    0.10896004    0.09726117    0.12602058    0.13245470    0.14380924    0.17047393    0.15506588    0.14987955    0.21357459    0.20783586    0.23244856    0.26414161    0.27486186    0.27123734    0.27576144    0.26689068    0.25997668    0.28156243    0.24946918    0.24877759
T2             0.24307842    0.10625499    0.00000000    0.07404263    0.06289374    0.04120358    0.06728304    0.15707339    0.16611951    0.17740310    0.16716527    0.16453111    0.21905504    0.21326635    0.23212817    0.26377002    0.25793901    0.26377002    0.27442811    0.26965033    0.26514381    0.27799360    0.24518732    0.25628270
T8             0.28237263    0.13317634    0.07404263    0.00000000    0.04349589    0.04783559    0.06753380    0.18078990    0.19810385    0.21326635    0.19962656    0.18850117    0.25017670    0.24408756    0.26066878    0.28398685    0.30161134    0.30785029    0.29922250    0.27799360    0.29573484    0.30935896    0.25634123    0.28007480
T20            0.25830172    0.10896004    0.06289374    0.04349589    0.00000000    0.03294918    0.05885324    0.16272376    0.17433567    0.18600513    0.17292188    0.16493459    0.22719247    0.22133584    0.23446240    0.26305864    0.27359281    0.27319130    0.27763945    0.26892119    0.27134594    0.27169330    0.24214266    0.26238984
T9             0.23774367    0.09726117    0.04120358    0.04783559    0.03294918    0.00000000    0.02866692    0.14493154    0.15896233    0.16758281    0.15746908    0.14712319    0.21039704    0.20470755    0.22334341    0.24544586    0.25867486    0.26452378    0.25634123    0.25724496    0.25054136    0.26305864    0.22786623    0.24187501
T1             0.27359281    0.12602058    0.06728304    0.06753380    0.05885324    0.02866692    0.00000000    0.17047393    0.18485976    0.19962656    0.18901907    0.17807678    0.23277878    0.23277878    0.25215645    0.27520170    0.28603683    0.29213229    0.29352706    0.29083846    0.28361025    0.30025302    0.26342184    0.27134594
T5             0.24040605    0.13245470    0.15707339    0.18078990    0.16272376    0.14493154    0.17047393    0.00000000    0.05626896    0.09899196    0.07850502    0.07833523    0.20216250    0.19934988    0.22363779    0.25724496    0.27166079    0.27123734    0.27253959    0.26928038    0.26857280    0.28156243    0.23948450    0.23572659
T17            0.25296657    0.14380924    0.16611951    0.19810385    0.17433567    0.15896233    0.18485976    0.05626896    0.00000000    0.11481572    0.10094682    0.09613341    0.22278376    0.21990640    0.24187501    0.26699366    0.27242064    0.27205154    0.27876120    0.26422490    0.26977331    0.28189564    0.25181271    0.24600321
T13            0.28412494    0.17047393    0.17740310    0.21326635    0.18600513    0.16758281    0.19962656    0.09899196    0.11481572    0.00000000    0.05190091    0.09196234    0.23948450    0.23346861    0.26217923    0.31027401    0.31384564    0.31330039    0.29786463    0.30737493    0.30313016    0.31027401    0.27299490    0.27447622
T10            0.27123734    0.15506588    0.16716527    0.19962656    0.17292188    0.15746908    0.18901907    0.07850502    0.10094682    0.05190091    0.00000000    0.07186612    0.21646894    0.21357459    0.23841021    0.28156243    0.30123923    0.30071808    0.29554298    0.28842603    0.29410212    0.29453292    0.26203295    0.26581039
T14            0.26414161    0.14987955    0.16453111    0.18850117    0.16493459    0.14712319    0.17807678    0.07833523    0.09613341    0.09196234    0.07186612    0.00000000    0.20726177    0.20443324    0.22363779    0.27280057    0.28693434    0.28648007    0.27808363    0.29083846    0.28681090    0.29042971    0.25093745    0.25901797
T0             0.25521961    0.21357459    0.21905504    0.25017670    0.22719247    0.21039704    0.23277878    0.20216250    0.22278376    0.23948450    0.21646894    0.20726177    0.00000000    0.02444451    0.06282708    0.11283051    0.28975468    0.28930066    0.28087164    0.27042244    0.26965033    0.28603683    0.25133305    0.24187501
T22            0.24911201    0.20783586    0.21326635    0.24408756    0.22133584    0.20470755    0.23277878    0.19934988    0.21990640    0.23346861    0.21357459    0.20443324    0.02444451    0.00000000    0.05841064    0.11043098    0.27359281    0.27319130    0.25945234    0.26414161    0.25724496    0.27319130    0.24825071    0.23598445
T6             0.26892119    0.23244856    0.23212817    0.26066878    0.23446240    0.22334341    0.25215645    0.22363779    0.24187501    0.26217923    0.23841021    0.22363779    0.06282708    0.05841064    0.00000000    0.10361457    0.30069431    0.29368266    0.29168978    0.29410212    0.28361025    0.29695701    0.26491649    0.26452037
T4             0.30476806    0.26414161    0.26377002    0.28398685    0.26305864    0.24544586    0.27520170    0.25724496    0.26699366    0.31027401    0.28156243    0.27280057    0.11283051    0.11043098    0.10361457    0.00000000    0.34087855    0.33343407    0.32791652    0.33389428    0.32276108    0.32657022    0.30981060    0.30002346
T15            0.12980456    0.27486186    0.25793901    0.30161134    0.27359281    0.25867486    0.28603683    0.27166079    0.27242064    0.31384564    0.30123923    0.28693434    0.28975468    0.27359281    0.30069431    0.34087855    0.00000000    0.00805162    0.06081958    0.17269450    0.16696936    0.17472653    0.14060538    0.15671122
T19            0.12965805    0.27123734    0.26377002    0.30785029    0.27319130    0.26452378    0.29213229    0.27123734    0.27205154    0.31330039    0.30071808    0.28648007    0.28930066    0.27319130    0.29368266    0.33343407    0.00805162    0.00000000    0.06074422    0.17247575    0.16453111    0.16696936    0.13532084    0.15654278
T7             0.12763175    0.27576144    0.27442811    0.29922250    0.27763945    0.25634123    0.29352706    0.27253959    0.27876120    0.29786463    0.29554298    0.27808363    0.28087164    0.25945234    0.29168978    0.32791652    0.06081958    0.06074422    0.00000000    0.15466720    0.14440139    0.15707339    0.14103684    0.15448032
T23            0.15190069    0.26689068    0.26965033    0.27799360    0.26892119    0.25724496    0.29083846    0.26928038    0.26422490    0.30737493    0.28842603    0.29083846    0.27042244    0.26414161    0.29410212    0.33389428    0.17269450    0.17247575    0.15466720    0.00000000    0.11043098    0.13448594    0.15789811    0.17699787
T3             0.13396237    0.25997668    0.26514381    0.29573484    0.27134594    0.25054136    0.28361025    0.26857280    0.26977331    0.30313016    0.29410212    0.28681090    0.26965033    0.25724496    0.28361025    0.32276108    0.16696936    0.16453111    0.14440139    0.11043098    0.00000000    0.09206133    0.13229402    0.16352666
T11            0.14130115    0.28156243    0.27799360    0.30935896    0.27169330    0.26305864    0.30025302    0.28156243    0.28189564    0.31027401    0.29453292    0.29042971    0.28603683    0.27319130    0.29695701    0.32657022    0.17472653    0.16696936    0.15707339    0.13448594    0.09206133    0.00000000    0.14950784    0.15825736
T18            0.11093310    0.24946918    0.24518732    0.25634123    0.24214266    0.22786623    0.26342184    0.23948450    0.25181271    0.27299490    0.26203295    0.25093745    0.25133305    0.24825071    0.26491649    0.30981060    0.14060538    0.13532084    0.14103684    0.15789811    0.13229402    0.14950784    0.00000000    0.12500472
T21            0.11721516    0.24877759    0.25628270    0.28007480    0.26238984    0.24187501    0.27134594    0.23572659    0.24600321    0.27447622    0.26581039    0.25901797    0.24187501    0.23598445    0.26452037    0.30002346    0.15671122    0.15654278    0.15448032    0.17699787    0.16352666    0.15825736    0.12500472    0.00000000

