24
T12            0.00000000    0.26612040    0.26296118    0.23573290    0.23643892    0.23379977    0.23573290    0.21903161    0.22594001    0.25592552    0.24515643    0.24211289    0.26612040    0.27131648    0.24243271    0.23443912    0.21728505    0.22303823    0.23275307    0.25178521    0.18301577    0.18678104    0.23643892    0.24038085
T0             0.26612040    0.00000000    0.01617898    0.15155703    0.14170637    0.13933943    0.14932563    0.13462970    0.14274907    0.29584899    0.28128452    0.27804319    0.31144600    0.32443916    0.28999658    0.28473711    0.26137122    0.26449077    0.27355715    0.28152731    0.25902573    0.26296118    0.30640837    0.31361267
T22            0.26296118    0.01617898    0.00000000    0.14170637    0.13199003    0.12965159    0.13949469    0.12499831    0.13297523    0.28689205    0.27249955    0.26929977    0.30226132    0.31606130    0.28433932    0.27912543    0.25592552    0.25902573    0.26803159    0.26648877    0.24745862    0.25129983    0.29396775    0.30110368
T16            0.23573290    0.15155703    0.14170637    0.00000000    0.03907050    0.10320833    0.10784562    0.09419424    0.10372955    0.26803159    0.24174654    0.24174654    0.26886650    0.28039811    0.24511737    0.24006447    0.22332215    0.22623233    0.23838337    0.25449602    0.21523879    0.20497127    0.25982186    0.26449077
T7             0.23643892    0.14170637    0.13199003    0.03907050    0.00000000    0.09402260    0.09626891    0.07825900    0.10160253    0.25399594    0.22819034    0.22819034    0.25170450    0.28039811    0.23975817    0.23474773    0.21523879    0.21811543    0.21841132    0.24305310    0.20724258    0.19708081    0.25751989    0.24745862
T13            0.23379977    0.13933943    0.12965159    0.10320833    0.09402260    0.00000000    0.07374296    0.06276601    0.10413187    0.25360191    0.22783990    0.22783990    0.24821866    0.28395264    0.25145271    0.24038085    0.21552633    0.21265794    0.21811543    0.23975817    0.20468844    0.20242744    0.25399594    0.25555264
T8             0.23573290    0.14932563    0.13949469    0.10784562    0.09626891    0.07374296    0.00000000    0.06504846    0.10880061    0.26569727    0.23344112    0.23344112    0.26023541    0.28192580    0.24639426    0.24070727    0.21523879    0.21811543    0.22947040    0.25145271    0.21294664    0.20781519    0.25982186    0.26685854
T23            0.21903161    0.13462970    0.12499831    0.09419424    0.07825900    0.06276601    0.06504846    0.00000000    0.09017706    0.24211289    0.21098386    0.21098386    0.23983176    0.26889090    0.23414046    0.22623233    0.19627657    0.19906478    0.20441484    0.22565726    0.18574301    0.18350209    0.23643892    0.23506624
T5             0.22594001    0.14274907    0.13297523    0.10372955    0.10160253    0.10413187    0.10880061    0.09017706    0.00000000    0.23117028    0.20619433    0.20619433    0.23191792    0.27396832    0.23873065    0.23309221    0.20272052    0.20556449    0.23153928    0.24441514    0.19485016    0.19263934    0.23533140    0.25670218
T19            0.25592552    0.29584899    0.28689205    0.26803159    0.25399594    0.25360191    0.26569727    0.24211289    0.23117028    0.00000000    0.06735775    0.06735775    0.08540169    0.23385175    0.21782907    0.20160306    0.17806236    0.17855386    0.19708081    0.22684633    0.23012124    0.23908782    0.26886650    0.29538553
T9             0.24515643    0.28128452    0.27249955    0.24174654    0.22819034    0.22783990    0.23344112    0.21098386    0.20619433    0.06735775    0.00000000    0.00804441    0.04559855    0.21469218    0.19350386    0.18325453    0.15027299    0.15548543    0.16582914    0.19150419    0.21386896    0.22262582    0.24783361    0.27355715
T3             0.24211289    0.27804319    0.26929977    0.24174654    0.22819034    0.22783990    0.23344112    0.21098386    0.20619433    0.06735775    0.00804441    0.00000000    0.04559855    0.21469218    0.19350386    0.18325453    0.14511448    0.15027299    0.16802088    0.19933165    0.21386896    0.22262582    0.24783361    0.27355715
T2             0.26612040    0.31144600    0.30226132    0.26886650    0.25170450    0.24821866    0.26023541    0.23983176    0.23191792    0.08540169    0.04559855    0.04559855    0.00000000    0.23740113    0.21841132    0.20781519    0.17364004    0.17364004    0.18102364    0.21294664    0.23983176    0.24901888    0.27943660    0.29300697
T1             0.27131648    0.32443916    0.31606130    0.28039811    0.28039811    0.28395264    0.28192580    0.26889090    0.27396832    0.23385175    0.21469218    0.21469218    0.23740113    0.00000000    0.03485784    0.06700306    0.14900436    0.15155703    0.17644633    0.21677947    0.24511737    0.24811490    0.29245785    0.32740979
T20            0.24243271    0.28999658    0.28433932    0.24511737    0.23975817    0.25145271    0.24639426    0.23414046    0.23873065    0.21782907    0.19350386    0.19350386    0.21841132    0.03485784    0.00000000    0.03271289    0.11260962    0.11500880    0.14117421    0.17927902    0.22593992    0.22593992    0.26269084    0.28640188
T18            0.23443912    0.28473711    0.27912543    0.24006447    0.23474773    0.24038085    0.24070727    0.22623233    0.23309221    0.20160306    0.18325453    0.18325453    0.20781519    0.06700306    0.03271289    0.00000000    0.10103477    0.10339426    0.13905327    0.16922006    0.21702744    0.21237865    0.25145271    0.27166286
T4             0.21728505    0.26137122    0.25592552    0.22332215    0.21523879    0.21552633    0.21523879    0.19627657    0.20272052    0.17806236    0.15027299    0.14511448    0.17364004    0.14900436    0.11260962    0.10103477    0.00000000    0.02034090    0.12215642    0.15412284    0.18755920    0.19302849    0.23740113    0.25656694
T10            0.22303823    0.26449077    0.25902573    0.22623233    0.21811543    0.21265794    0.21811543    0.19906478    0.20556449    0.17855386    0.15548543    0.15027299    0.17364004    0.15155703    0.11500880    0.10339426    0.02034090    0.00000000    0.12704898    0.15412284    0.19578581    0.20134664    0.24942839    0.26269084
T21            0.23275307    0.27355715    0.26803159    0.23838337    0.21841132    0.21811543    0.22947040    0.20441484    0.23153928    0.19708081    0.16582914    0.16802088    0.18102364    0.17644633    0.14117421    0.13905327    0.12215642    0.12704898    0.00000000    0.07395537    0.22391901    0.22522812    0.25592552    0.27872627
T11            0.25178521    0.28152731    0.26648877    0.25449602    0.24305310    0.23975817    0.25145271    0.22565726    0.24441514    0.22684633    0.19150419    0.19933165    0.21294664    0.21677947    0.17927902    0.16922006    0.15412284    0.15412284    0.07395537    0.00000000    0.24573541    0.24709372    0.26924909    0.29245785
T6             0.18301577    0.25902573    0.24745862    0.21523879    0.20724258    0.20468844    0.21294664    0.18574301    0.19485016    0.23012124    0.21386896    0.21386896    0.23983176    0.24511737    0.22593992    0.21702744    0.18755920    0.19578581    0.22391901    0.24573541    0.00000000    0.03272712    0.20724258    0.21988748
T15            0.18678104    0.26296118    0.25129983    0.20497127    0.19708081    0.20242744    0.20781519    0.18350209    0.19263934    0.23908782    0.22262582    0.22262582    0.24901888    0.24811490    0.22593992    0.21237865    0.19302849    0.20134664    0.22522812    0.24709372    0.03272712    0.00000000    0.20781519    0.22332215
T17            0.23643892    0.30640837    0.29396775    0.25982186    0.25751989    0.25399594    0.25982186    0.23643892    0.23533140    0.26886650    0.24783361    0.24783361    0.27943660    0.29245785    0.26269084    0.25145271    0.23740113    0.24942839    0.25592552    0.26924909    0.20724258    0.20781519    0.00000000    0.12530515
T14            0.24038085    0.31361267    0.30110368    0.26449077    0.24745862    0.25555264    0.26685854    0.23506624    0.25670218    0.29538553    0.27355715    0.27355715    0.29300697    0.32740979    0.28640188    0.27166286    0.25656694    0.26269084    0.27872627    0.29245785    0.21988748    0.22332215    0.12530515    0.00000000

