24
T4             0.00000000    0.47769135    0.47930816    0.45563496    0.49277436    0.47410112    0.54093696    0.51246494    0.50124680    0.50041763    0.52649811    0.48701208    0.48701208    0.48492458    0.51978526    0.51507197    0.47381548    0.49925465    0.50955881    0.51162982    0.51797498    0.48738814    0.47489892    0.45005595
T18            0.47769135    0.00000000    0.02440540    0.03910328    0.04334293    0.04116938    0.16120134    0.15350732    0.14378363    0.14617035    0.15862347    0.14168614    0.14168614    0.15426751    0.14913816    0.25171188    0.19804797    0.21366861    0.21845317    0.22351361    0.22107463    0.21604942    0.21064736    0.18893170
T20            0.47930816    0.02440540    0.00000000    0.03919101    0.04139529    0.03919101    0.16412472    0.15635084    0.14659310    0.14898251    0.16412472    0.14675050    0.14675050    0.15945008    0.14947420    0.25783066    0.20130132    0.21697784    0.22171691    0.22675819    0.22434284    0.21933612    0.21389753    0.19196548
T23            0.45563496    0.03910328    0.03919101    0.00000000    0.04133707    0.03914390    0.16692894    0.15909406    0.14421190    0.15169625    0.16692894    0.14437103    0.14437103    0.15703591    0.14965454    0.25205273    0.19876217    0.22298311    0.22769969    0.24151933    0.23911571    0.22010028    0.22037427    0.20037337
T10            0.49277436    0.04334293    0.04139529    0.04133707    0.00000000    0.01414104    0.16412472    0.15635084    0.14659310    0.14898251    0.15892871    0.14675050    0.14675050    0.15945008    0.14947420    0.26402533    0.22125362    0.24031384    0.24505264    0.24717591    0.24476068    0.24267199    0.23703079    0.20292776
T15            0.47410112    0.04116938    0.03919101    0.03914390    0.01414104    0.00000000    0.16656592    0.15877184    0.14898251    0.15138019    0.16135638    0.13903482    0.13903482    0.15153406    0.14675050    0.26677349    0.21805977    0.23703079    0.24179225    0.24394633    0.24151933    0.23940016    0.23086779    0.20272064
T11            0.54093696    0.16120134    0.16412472    0.16692894    0.16412472    0.16656592    0.00000000    0.01620794    0.02656439    0.02862793    0.04559600    0.14913816    0.14913816    0.16187264    0.15703591    0.29236321    0.24207535    0.24717591    0.24961475    0.26331721    0.26384875    0.25560499    0.25287830    0.23884136
T0             0.51246494    0.15350732    0.15635084    0.15909406    0.15635084    0.15877184    0.01620794    0.00000000    0.02238885    0.02444365    0.04128535    0.14659310    0.14659310    0.15926786    0.15186673    0.28277401    0.23324851    0.24125662    0.24664635    0.26030409    0.26081732    0.24961475    0.24690594    0.23299136
T9             0.50124680    0.14378363    0.14659310    0.14421190    0.14659310    0.14898251    0.02656439    0.02238885    0.00000000    0.01417414    0.03077514    0.12703313    0.12703313    0.13931946    0.13963638    0.27123616    0.21958119    0.23034056    0.24100415    0.24910928    0.24961475    0.23857713    0.23590779    0.22219418
T6             0.50041763    0.14617035    0.14898251    0.15169625    0.14898251    0.15138019    0.02862793    0.02444365    0.01417414    0.00000000    0.03284756    0.13931946    0.13931946    0.15186673    0.14708986    0.26780540    0.22506868    0.23299136    0.24369549    0.25183190    0.25233400    0.24125662    0.23857713    0.22195066
T7             0.52649811    0.15862347    0.16412472    0.16692894    0.15892871    0.16135638    0.04559600    0.04128535    0.03077514    0.03284756    0.00000000    0.15426751    0.15426751    0.16712329    0.15703591    0.28914631    0.24804778    0.25316619    0.26413079    0.27246718    0.27305499    0.26166795    0.25287830    0.23299136
T13            0.48701208    0.14168614    0.14675050    0.14437103    0.14675050    0.13903482    0.14913816    0.14659310    0.12703313    0.13931946    0.15426751    0.00000000    0.00000000    0.02442136    0.04133707    0.25922918    0.20292776    0.21626704    0.22390832    0.22899866    0.22940573    0.22720908    0.21887513    0.20233464
T14            0.48701208    0.14168614    0.14675050    0.14437103    0.14675050    0.13903482    0.14913816    0.14659310    0.12703313    0.13931946    0.15426751    0.00000000    0.00000000    0.02442136    0.04133707    0.25922918    0.20292776    0.21626704    0.22390832    0.22899866    0.22940573    0.22720908    0.21887513    0.20233464
T5             0.48492458    0.15426751    0.15945008    0.15703591    0.15945008    0.15153406    0.16187264    0.15926786    0.13931946    0.15186673    0.16712329    0.02442136    0.02442136    0.00000000    0.04776536    0.28067446    0.21673128    0.23324851    0.23517128    0.24910928    0.24961475    0.24447896    0.23590779    0.21604942
T21            0.51978526    0.14913816    0.14947420    0.14965454    0.14947420    0.14675050    0.15703591    0.15186673    0.13963638    0.14708986    0.15703591    0.04133707    0.04133707    0.04776536    0.00000000    0.28464047    0.21438408    0.23379279    0.24151933    0.24369549    0.24717591    0.24505264    0.23644925    0.22219418
T19            0.51507197    0.25171188    0.25783066    0.25205273    0.26402533    0.26677349    0.29236321    0.28277401    0.27123616    0.26780540    0.28914631    0.25922918    0.25922918    0.28067446    0.28464047    0.00000000    0.13476802    0.23831324    0.24901199    0.25106099    0.25171188    0.24364261    0.23500043    0.19574405
T17            0.47381548    0.19804797    0.20130132    0.19876217    0.22125362    0.21805977    0.24207535    0.23324851    0.21958119    0.22506868    0.24804778    0.20292776    0.20292776    0.21673128    0.21438408    0.13476802    0.00000000    0.18098294    0.19648975    0.18752237    0.19070556    0.18869589    0.18620156    0.16187264
T3             0.49925465    0.21366861    0.21697784    0.22298311    0.24031384    0.23703079    0.24717591    0.24125662    0.23034056    0.23299136    0.25316619    0.21626704    0.21626704    0.23324851    0.23379279    0.23831324    0.18098294    0.00000000    0.02857221    0.09226714    0.09016646    0.08354711    0.07215780    0.14437103
T22            0.50955881    0.21845317    0.22171691    0.22769969    0.24505264    0.24179225    0.24961475    0.24664635    0.24100415    0.24369549    0.26413079    0.22390832    0.22390832    0.23517128    0.24151933    0.24901199    0.19648975    0.02857221    0.00000000    0.09887004    0.09438565    0.08771351    0.07630697    0.15393827
T2             0.51162982    0.22351361    0.22675819    0.24151933    0.24717591    0.24394633    0.26331721    0.26030409    0.24910928    0.25183190    0.27246718    0.22899866    0.22899866    0.24910928    0.24369549    0.25106099    0.18752237    0.09226714    0.09887004    0.00000000    0.01210947    0.09226714    0.08078411    0.15892871
T16            0.51797498    0.22107463    0.22434284    0.23911571    0.24476068    0.24151933    0.26384875    0.26081732    0.24961475    0.25233400    0.27305499    0.22940573    0.22940573    0.24961475    0.24717591    0.25171188    0.19070556    0.09016646    0.09438565    0.01210947    0.00000000    0.08782967    0.07640358    0.15153406
T1             0.48738814    0.21604942    0.21933612    0.22010028    0.24267199    0.23940016    0.25560499    0.24961475    0.23857713    0.24125662    0.26166795    0.22720908    0.22720908    0.24447896    0.24505264    0.24364261    0.18869589    0.08354711    0.08771351    0.09226714    0.08782967    0.00000000    0.04579872    0.15426751
T8             0.47489892    0.21064736    0.21389753    0.22037427    0.23703079    0.23086779    0.25287830    0.24690594    0.23590779    0.23857713    0.25287830    0.21887513    0.21887513    0.23590779    0.23644925    0.23500043    0.18620156    0.07215780    0.07630697    0.08078411    0.07640358    0.04579872    0.00000000    0.13418460
T12            0.45005595    0.18893170    0.19196548    0.20037337    0.20292776    0.20272064    0.23884136    0.23299136    0.22219418    0.22195066    0.23299136    0.20233464    0.20233464    0.21604942    0.22219418    0.19574405    0.16187264    0.14437103    0.15393827    0.15892871    0.15153406    0.15426751    0.13418460    0.00000000

