24
T20            0.00000000    0.34530480    0.43605903    0.44019155    0.37966552    0.38331534    0.38377288    0.37467473    0.36622153    0.37566412    0.38417207    0.38627461    0.34708364    0.34530480    0.35761079    0.34792261    0.13182878    0.13182878    0.13710768    0.12923822    0.12192093    0.15122468    0.16034813    0.17361122
T2             0.34530480    0.00000000    0.16797012    0.17064399    0.14390901    0.14643430    0.14405149    0.13710768    0.14055690    0.13492428    0.13275978    0.14488597    0.15461791    0.12935961    0.25969264    0.24809999    0.31296429    0.31296429    0.32320400    0.31162574    0.29025004    0.31079225    0.34018670    0.35126838
T1             0.43605903    0.16797012    0.00000000    0.00603629    0.17376521    0.17409963    0.17163443    0.16710945    0.17309004    0.16975501    0.17554460    0.18344270    0.23265609    0.23265609    0.35714104    0.34735664    0.39488938    0.39488938    0.41070193    0.38913060    0.36893635    0.40333254    0.42810470    0.43409958
T8             0.44019155    0.17064399    0.00603629    0.00000000    0.17640378    0.17675220    0.17427999    0.16975501    0.17578552    0.17241464    0.17824737    0.18618250    0.22969741    0.22969741    0.36087261    0.35103333    0.39879588    0.39879588    0.41473446    0.39296224    0.37265403    0.40333254    0.43210495    0.43824925
T22            0.37966552    0.14390901    0.17376521    0.17640378    0.00000000    0.05609819    0.05395532    0.04977112    0.10585804    0.08954111    0.10122400    0.11280733    0.20290892    0.18655835    0.33665006    0.33067780    0.35188296    0.35188296    0.35999399    0.34443812    0.33233270    0.35761079    0.36739256    0.37467473
T5             0.38331534    0.14643430    0.17409963    0.17675220    0.05609819    0.00000000    0.00200301    0.02859651    0.10111862    0.09867322    0.10574888    0.11740042    0.20614369    0.18961289    0.33665006    0.32370872    0.35542924    0.35542924    0.36361737    0.34792261    0.32891957    0.35761079    0.36108687    0.37566412
T19            0.38377288    0.14405149    0.17163443    0.17427999    0.05395532    0.00200301    0.00000000    0.02653106    0.09886548    0.09642370    0.10348272    0.11510004    0.20358496    0.18709959    0.33719158    0.32422539    0.35590638    0.35590638    0.36414698    0.34836167    0.32933788    0.35806082    0.36143938    0.37617959
T6             0.37467473    0.13710768    0.16710945    0.16975501    0.04977112    0.02859651    0.02653106    0.00000000    0.09933830    0.09215011    0.09920913    0.11077095    0.19297018    0.17675220    0.32880342    0.31595727    0.34719273    0.34719273    0.35540829    0.33968352    0.32086011    0.34927880    0.35867692    0.37354802
T18            0.36622153    0.14055690    0.17309004    0.17578552    0.10585804    0.10111862    0.09886548    0.09933830    0.00000000    0.05852413    0.10925744    0.12100465    0.20264435    0.18592928    0.33534407    0.32229242    0.34267156    0.34267156    0.35098867    0.33509944    0.31296429    0.34570104    0.35717413    0.36524610
T12            0.37566412    0.13492428    0.16975501    0.17241464    0.08954111    0.09867322    0.09642370    0.09215011    0.05852413    0.00000000    0.10397113    0.11561367    0.19344197    0.17713582    0.30673791    0.29428873    0.34112093    0.34112093    0.34928546    0.33366012    0.31162574    0.34670149    0.35594465    0.36361737
T11            0.38417207    0.13275978    0.17554460    0.17824737    0.10122400    0.10574888    0.10348272    0.09920913    0.10925744    0.10397113    0.00000000    0.02447192    0.18568484    0.16955407    0.31358765    0.30100053    0.35404480    0.35404480    0.36639848    0.35711372    0.33774540    0.35961368    0.36475409    0.38461580
T14            0.38627461    0.14488597    0.18344270    0.18618250    0.11280733    0.11740042    0.11510004    0.11077095    0.12100465    0.11561367    0.02447192    0.00000000    0.18772194    0.17693963    0.32235016    0.30962357    0.35961368    0.35961368    0.37198550    0.36639831    0.34679793    0.36893635    0.38152733    0.39812414
T16            0.34708364    0.15461791    0.23265609    0.22969741    0.20290892    0.20614369    0.20358496    0.19297018    0.20264435    0.19344197    0.18568484    0.18772194    0.00000000    0.05407507    0.27235202    0.26052344    0.32381741    0.32381741    0.33761198    0.32678687    0.30498086    0.32933788    0.34286051    0.35024777
T7             0.34530480    0.12935961    0.23265609    0.22969741    0.18655835    0.18961289    0.18709959    0.17675220    0.18592928    0.17713582    0.16955407    0.17693963    0.05407507    0.00000000    0.24430628    0.23299261    0.30209266    0.30209266    0.31542732    0.31162574    0.29025004    0.31412573    0.33073809    0.33810395
T4             0.35761079    0.25969264    0.35714104    0.36087261    0.33665006    0.33665006    0.33719158    0.32880342    0.33534407    0.30673791    0.31358765    0.32235016    0.27235202    0.24430628    0.00000000    0.02029396    0.32976860    0.32976860    0.34365898    0.31844585    0.28489557    0.29889870    0.32214675    0.31773864
T9             0.34792261    0.24809999    0.34735664    0.35103333    0.33067780    0.32370872    0.32422539    0.31595727    0.32229242    0.29428873    0.30100053    0.30962357    0.26052344    0.23299261    0.02029396    0.00000000    0.31039325    0.31039325    0.32381741    0.29952661    0.26686587    0.28059630    0.31243740    0.30532987
T10            0.13182878    0.31296429    0.39488938    0.39879588    0.35188296    0.35542924    0.35590638    0.34719273    0.34267156    0.34112093    0.35404480    0.35961368    0.32381741    0.30209266    0.32976860    0.31039325    0.00000000    0.00000000    0.01007274    0.04330548    0.06060747    0.09651803    0.12165781    0.12434815
T21            0.13182878    0.31296429    0.39488938    0.39879588    0.35188296    0.35542924    0.35590638    0.34719273    0.34267156    0.34112093    0.35404480    0.35961368    0.32381741    0.30209266    0.32976860    0.31039325    0.00000000    0.00000000    0.01007274    0.04330548    0.06060747    0.09651803    0.12165781    0.12434815
T17            0.13710768    0.32320400    0.41070193    0.41473446    0.35999399    0.36361737    0.36414698    0.35540829    0.35098867    0.34928546    0.36639848    0.37198550    0.33761198    0.31542732    0.34365898    0.32381741    0.01007274    0.01007274    0.00000000    0.04770500    0.06519095    0.10145695    0.12667978    0.12457481
T23            0.12923822    0.31162574    0.38913060    0.39296224    0.34443812    0.34792261    0.34836167    0.33968352    0.33509944    0.33366012    0.35711372    0.36639831    0.32678687    0.31162574    0.31844585    0.29952661    0.04330548    0.04330548    0.04770500    0.00000000    0.05181926    0.08272980    0.10983215    0.11225554
T13            0.12192093    0.29025004    0.36893635    0.37265403    0.33233270    0.32891957    0.32933788    0.32086011    0.31296429    0.31162574    0.33774540    0.34679793    0.30498086    0.29025004    0.28489557    0.26686587    0.06060747    0.06060747    0.06519095    0.05181926    0.00000000    0.08272980    0.10282263    0.10766921
T15            0.15122468    0.31079225    0.40333254    0.40333254    0.35761079    0.35761079    0.35806082    0.34927880    0.34570104    0.34670149    0.35961368    0.36893635    0.32933788    0.31412573    0.29889870    0.28059630    0.09651803    0.09651803    0.10145695    0.08272980    0.08272980    0.00000000    0.12626262    0.13629318
T0             0.16034813    0.34018670    0.42810470    0.43210495    0.36739256    0.36108687    0.36143938    0.35867692    0.35717413    0.35594465    0.36475409    0.38152733    0.34286051    0.33073809    0.32214675    0.31243740    0.12165781    0.12165781    0.12667978    0.10983215    0.10282263    0.12626262    0.00000000    0.06926163
T3             0.17361122    0.35126838    0.43409958    0.43824925    0.37467473    0.37566412    0.37617959    0.37354802    0.36524610    0.36361737    0.38461580    0.39812414    0.35024777    0.33810395    0.31773864    0.30532987    0.12434815    0.12434815    0.12457481    0.11225554    0.10766921    0.13629318    0.06926163    0.00000000

