24
T20            0.00000000    0.31629853    0.32090597    0.31459166    0.28745418    0.27715059    0.29313110    0.26055319    0.23969050    0.22385349    0.21576106    0.19046950    0.20155246    0.20805409    0.30720005    0.22065324    0.20266198    0.20391658    0.18673014    0.18546364    0.15262797    0.12066917    0.13333863    0.13567236
T21            0.31629853    0.00000000    0.02650473    0.02236455    0.24131022    0.22587850    0.23702636    0.20746715    0.18869165    0.38634330    0.37624437    0.36169222    0.35457204    0.37415489    0.40055834    0.33759329    0.35905945    0.36475029    0.33671643    0.35645422    0.32773439    0.30543437    0.30919284    0.31210335
T5             0.32090597    0.02650473    0.00000000    0.00401105    0.24774481    0.23499459    0.24330320    0.21348805    0.19450932    0.39066154    0.38049277    0.37308218    0.36577989    0.38599538    0.41249653    0.34841683    0.36679881    0.37271745    0.33718349    0.35695778    0.32820267    0.31592926    0.31981307    0.32275775
T13            0.31459166    0.02236455    0.00401105    0.00000000    0.24506812    0.22940188    0.23764656    0.20805409    0.18922228    0.38368253    0.37361168    0.36628259    0.35905945    0.37902932    0.40534228    0.34187328    0.36005275    0.36587651    0.33766310    0.35747449    0.32868319    0.30963964    0.31347770    0.31639886
T23            0.28745418    0.24131022    0.24774481    0.24506812    0.00000000    0.02648449    0.12252263    0.09238586    0.11625416    0.35132407    0.34167773    0.31416960    0.32773439    0.30875773    0.41393218    0.32047321    0.34629743    0.34496884    0.28745418    0.30585838    0.29197176    0.25510526    0.25546510    0.25818304
T16            0.27715059    0.22587850    0.23499459    0.22940188    0.02648449    0.00000000    0.11740613    0.08750194    0.10863904    0.35030312    0.34068130    0.32005258    0.32683463    0.30792271    0.39333657    0.31629853    0.33465742    0.33317870    0.29394982    0.30585838    0.28545490    0.25137618    0.25170612    0.25441650
T4             0.29313110    0.23702636    0.24330320    0.23764656    0.12252263    0.11740613    0.00000000    0.07832668    0.11592157    0.36732852    0.35747449    0.34323322    0.33973543    0.34470814    0.40367764    0.33928151    0.37213360    0.36335059    0.32135082    0.34420376    0.32275775    0.27623300    0.27345483    0.27623300
T11            0.26055319    0.20746715    0.21348805    0.20805409    0.09238586    0.08750194    0.07832668    0.00000000    0.08574513    0.33565455    0.32620731    0.30254602    0.30254602    0.31395931    0.34981206    0.28667744    0.32968085    0.33182217    0.28503816    0.30674124    0.27984667    0.24737254    0.24774481    0.25043151
T12            0.23969050    0.18869165    0.19450932    0.18922228    0.11625416    0.10863904    0.11592157    0.08574513    0.00000000    0.33266157    0.32325077    0.29966921    0.29638946    0.30097904    0.34675566    0.29273870    0.31056825    0.31946428    0.26952516    0.30385441    0.27068733    0.22094583    0.22416411    0.22677818
T7             0.22385349    0.38634330    0.39066154    0.38368253    0.35132407    0.35030312    0.36732852    0.33565455    0.33266157    0.00000000    0.00804436    0.07155414    0.09004372    0.09962269    0.33565455    0.23857548    0.27705881    0.27792755    0.24774481    0.27151516    0.23748185    0.20612905    0.20933798    0.20679085
T14            0.21576106    0.37624437    0.38049277    0.37361168    0.34167773    0.34068130    0.35747449    0.32620731    0.32325077    0.00804436    0.00000000    0.06720698    0.08562039    0.09515814    0.32620731    0.23033866    0.26833956    0.26918932    0.23937020    0.26285815    0.22921377    0.19821717    0.20138670    0.20172358
T6             0.19046950    0.36169222    0.37308218    0.36628259    0.31416960    0.32005258    0.34323322    0.30254602    0.29966921    0.07155414    0.06720698    0.00000000    0.06067008    0.07650618    0.30585838    0.21044572    0.24900599    0.24433219    0.21288683    0.22879463    0.20867776    0.17065630    0.17903169    0.17657302
T0             0.20155246    0.35457204    0.36577989    0.35905945    0.32773439    0.32683463    0.33973543    0.30254602    0.29638946    0.09004372    0.08562039    0.06067008    0.00000000    0.09042947    0.29857475    0.20849874    0.26439607    0.25972240    0.23038554    0.23672245    0.22030908    0.18978812    0.19853702    0.19602415
T18            0.20805409    0.37415489    0.38599538    0.37902932    0.30875773    0.30792271    0.34470814    0.31395931    0.30097904    0.09962269    0.09515814    0.07650618    0.09042947    0.00000000    0.31395931    0.22244476    0.25312828    0.24851938    0.23145601    0.24774481    0.22439259    0.17195832    0.18048761    0.17803356
T15            0.30720005    0.40055834    0.41249653    0.40534228    0.41393218    0.39333657    0.40367764    0.34981206    0.34675566    0.33565455    0.32620731    0.30585838    0.29857475    0.31395931    0.00000000    0.08982232    0.32773439    0.32275775    0.32325077    0.31592926    0.30190925    0.28027528    0.29052222    0.29335229
T2             0.22065324    0.33759329    0.34841683    0.34187328    0.32047321    0.31629853    0.33928151    0.28667744    0.29273870    0.23857548    0.23033866    0.21044572    0.20849874    0.22244476    0.08982232    0.00000000    0.25346104    0.24867502    0.23764656    0.23143030    0.21576106    0.18569933    0.19145464    0.19396561
T3             0.20266198    0.35905945    0.36679881    0.36005275    0.34629743    0.33465742    0.37213360    0.32968085    0.31056825    0.27705881    0.26833956    0.24900599    0.26439607    0.25312828    0.32773439    0.25346104    0.00000000    0.02444360    0.15409752    0.17676542    0.14183756    0.17065630    0.18452738    0.18700974
T1             0.20391658    0.36475029    0.37271745    0.36587651    0.34496884    0.33317870    0.36335059    0.33182217    0.31946428    0.27792755    0.26918932    0.24433219    0.25972240    0.24851938    0.32275775    0.24867502    0.02444360    0.00000000    0.14708788    0.17221902    0.13242517    0.16628917    0.18017942    0.18264274
T19            0.18673014    0.33671643    0.33718349    0.33766310    0.28745418    0.29394982    0.32135082    0.28503816    0.26952516    0.24774481    0.23937020    0.21288683    0.23038554    0.23145601    0.32325077    0.23764656    0.15409752    0.14708788    0.00000000    0.11293131    0.07858958    0.14640096    0.15720438    0.15959679
T22            0.18546364    0.35645422    0.35695778    0.35747449    0.30585838    0.30585838    0.34420376    0.30674124    0.30385441    0.27151516    0.26285815    0.22879463    0.23672245    0.24774481    0.31592926    0.23143030    0.17676542    0.17221902    0.11293131    0.00000000    0.08289325    0.15785081    0.16871634    0.17115186
T10            0.15262797    0.32773439    0.32820267    0.32868319    0.29197176    0.28545490    0.32275775    0.27984667    0.27068733    0.23748185    0.22921377    0.20867776    0.22030908    0.22439259    0.30190925    0.21576106    0.14183756    0.13242517    0.07858958    0.08289325    0.00000000    0.13375845    0.14429132    0.14664792
T17            0.12066917    0.30543437    0.31592926    0.30963964    0.25510526    0.25137618    0.27623300    0.24737254    0.22094583    0.20612905    0.19821717    0.17065630    0.18978812    0.17195832    0.28027528    0.18569933    0.17065630    0.16628917    0.14640096    0.15785081    0.13375845    0.00000000    0.02245604    0.02450703
T9             0.13333863    0.30919284    0.31981307    0.31347770    0.25546510    0.25170612    0.27345483    0.24774481    0.22416411    0.20933798    0.20138670    0.17903169    0.19853702    0.18048761    0.29052222    0.19145464    0.18452738    0.18017942    0.15720438    0.16871634    0.14429132    0.02245604    0.00000000    0.00200301
T8             0.13567236    0.31210335    0.32275775    0.31639886    0.25818304    0.25441650    0.27623300    0.25043151    0.22677818    0.20679085    0.20172358    0.17657302    0.19602415    0.17803356    0.29335229    0.19396561    0.18700974    0.18264274    0.15959679    0.17115186    0.14664792    0.02450703    0.00200301    0.00000000

