24
T7             0.00000000    0.27714661    0.27714661    0.43716935    0.32533741    0.30001705    0.30677619    0.31204361    0.29004673    0.29904134    0.27583248    0.23499192    0.23999159    0.25660305    0.25042851    0.26601033    0.17467816    0.20974847    0.21546398    0.13294903    0.13510430    0.14489370    0.15684914    0.22244224
T15            0.27714661    0.00000000    0.00000000    0.32275250    0.23531791    0.21896229    0.22124561    0.22385109    0.22709493    0.23531791    0.23796880    0.18460800    0.18711268    0.20691505    0.20129595    0.21205295    0.29521017    0.31458653    0.31458653    0.28631735    0.28869860    0.27507134    0.29235320    0.36679163
T21            0.27714661    0.00000000    0.00000000    0.32275250    0.23531791    0.21896229    0.22124561    0.22385109    0.22709493    0.23531791    0.23796880    0.18460800    0.18711268    0.20691505    0.20129595    0.21205295    0.29521017    0.31458653    0.31458653    0.28631735    0.28869860    0.27507134    0.29235320    0.36679163
T17            0.43716935    0.32275250    0.32275250    0.00000000    0.21002694    0.19423123    0.20491249    0.20181422    0.34013149    0.34616013    0.36270741    0.29480931    0.30097455    0.31546946    0.31204361    0.33536416    0.43568336    0.45019519    0.45019519    0.40396743    0.40645516    0.39308620    0.41335013    0.45560236
T9             0.32533741    0.23531791    0.23531791    0.21002694    0.00000000    0.03701141    0.05189736    0.04545215    0.25513170    0.26688160    0.24774189    0.18868998    0.19622652    0.19730924    0.19730924    0.21961581    0.32030110    0.32570904    0.32227146    0.28257613    0.28489103    0.28722762    0.30814766    0.36056247
T8             0.30001705    0.21896229    0.21896229    0.19423123    0.03701141    0.00000000    0.03488820    0.03280746    0.22030682    0.23145351    0.21928435    0.16798071    0.17532368    0.18452583    0.18452583    0.19790441    0.30190478    0.30719535    0.30719535    0.26506006    0.26733279    0.26962644    0.27705508    0.33071032
T6             0.30677619    0.22124561    0.22124561    0.20491249    0.05189736    0.03488820    0.00000000    0.02031403    0.23221510    0.24357846    0.22515087    0.17334359    0.18073005    0.19008254    0.19008254    0.20358750    0.30864109    0.31395441    0.31395441    0.27800986    0.28028254    0.28257613    0.29100054    0.33514404
T18            0.31204361    0.22385109    0.22385109    0.20181422    0.04545215    0.03280746    0.02031403    0.00000000    0.24012575    0.25160372    0.23301353    0.17801956    0.18546199    0.18922063    0.18922063    0.20835933    0.30384981    0.31592421    0.31592421    0.28306927    0.28537345    0.28769914    0.28958633    0.34419759
T3             0.29004673    0.22709493    0.22709493    0.34013149    0.25513170    0.22030682    0.23221510    0.24012575    0.00000000    0.01209712    0.09016482    0.12331114    0.11547866    0.13821643    0.13313955    0.14292031    0.30190478    0.31736853    0.32426756    0.28028254    0.28257613    0.27514747    0.28587863    0.38403614
T20            0.29904134    0.23531791    0.23531791    0.34616013    0.26688160    0.23145351    0.24357846    0.25160372    0.01209712    0.00000000    0.09934194    0.13294903    0.12497920    0.14549138    0.14036240    0.15283812    0.31444774    0.33019250    0.33723740    0.29251350    0.29482836    0.28722762    0.29811067    0.39043386
T10            0.27583248    0.23796880    0.23796880    0.36270741    0.24774189    0.21928435    0.22515087    0.23301353    0.09016482    0.09934194    0.00000000    0.11305710    0.11752053    0.13510430    0.13009110    0.13476548    0.29394549    0.31932669    0.32620195    0.27238170    0.27470744    0.27705508    0.29110283    0.36732138
T4             0.23499192    0.18460800    0.18460800    0.29480931    0.18868998    0.16798071    0.17334359    0.17801956    0.12331114    0.13294903    0.11305710    0.00000000    0.03697540    0.09226571    0.08760330    0.09438446    0.24598107    0.26952155    0.26952155    0.22846769    0.23073025    0.22416171    0.23436947    0.31416443
T0             0.23999159    0.18711268    0.18711268    0.30097455    0.19622652    0.17532368    0.18073005    0.18546199    0.11547866    0.12497920    0.11752053    0.03697540    0.00000000    0.09428094    0.08962939    0.09642705    0.25953824    0.28347747    0.28347747    0.23038304    0.23267683    0.22616621    0.23939369    0.32385871
T13            0.25660305    0.20691505    0.20691505    0.31546946    0.19730924    0.18452583    0.19008254    0.18922063    0.13821643    0.14549138    0.13510430    0.09226571    0.09428094    0.00000000    0.00806473    0.09293621    0.27663679    0.30477954    0.31153862    0.25331106    0.25556329    0.24851646    0.26518063    0.33970084
T22            0.25042851    0.20129595    0.20129595    0.31204361    0.19730924    0.18452583    0.19008254    0.18922063    0.13313955    0.14036240    0.13009110    0.08760330    0.08962939    0.00806473    0.00000000    0.08354538    0.26401438    0.29152962    0.29811067    0.24092306    0.24317534    0.24239858    0.25892886    0.34326088
T14            0.26601033    0.21205295    0.21205295    0.33536416    0.21961581    0.19790441    0.20358750    0.20835933    0.14292031    0.15283812    0.13476548    0.09438446    0.09642705    0.09293621    0.08354538    0.00000000    0.27266705    0.29394549    0.30052651    0.25556329    0.26098163    0.25081018    0.27068377    0.35776020
T5             0.17467816    0.29521017    0.29521017    0.43568336    0.32030110    0.30190478    0.30864109    0.30384981    0.30190478    0.31444774    0.29394549    0.24598107    0.25953824    0.27663679    0.26401438    0.27266705    0.00000000    0.12297241    0.12793582    0.12226031    0.12690846    0.13158826    0.13866833    0.25287278
T19            0.20974847    0.31458653    0.31458653    0.45019519    0.32570904    0.30719535    0.31395441    0.31592421    0.31736853    0.33019250    0.31932669    0.26952155    0.28347747    0.30477954    0.29152962    0.29394549    0.12297241    0.00000000    0.00804436    0.14674813    0.15153191    0.15634894    0.16623566    0.28988956
T11            0.21546398    0.31458653    0.31458653    0.45019519    0.32227146    0.30719535    0.31395441    0.31592421    0.32426756    0.33723740    0.32620195    0.26952155    0.28347747    0.31153862    0.29811067    0.30052651    0.12793582    0.00804436    0.00000000    0.15186392    0.15667401    0.16151761    0.16623566    0.29966466
T12            0.13294903    0.28631735    0.28631735    0.40396743    0.28257613    0.26506006    0.27800986    0.28306927    0.28028254    0.29251350    0.27238170    0.22846769    0.23038304    0.25331106    0.24092306    0.25556329    0.12226031    0.14674813    0.15186392    0.00000000    0.00401207    0.04355480    0.06073785    0.22094348
T2             0.13510430    0.28869860    0.28869860    0.40645516    0.28489103    0.26733279    0.28028254    0.28537345    0.28257613    0.29482836    0.27470744    0.23073025    0.23267683    0.25556329    0.24317534    0.26098163    0.12690846    0.15153191    0.15667401    0.00401207    0.00000000    0.04776492    0.06504361    0.22325861
T23            0.14489370    0.27507134    0.27507134    0.39308620    0.28722762    0.26962644    0.28257613    0.28769914    0.27514747    0.28722762    0.27705508    0.22416171    0.22616621    0.24851646    0.24239858    0.25081018    0.13158826    0.15634894    0.16151761    0.04355480    0.04776492    0.00000000    0.07161912    0.23142764
T16            0.15684914    0.29235320    0.29235320    0.41335013    0.30814766    0.27705508    0.29100054    0.28958633    0.28587863    0.29811067    0.29110283    0.23436947    0.23939369    0.26518063    0.25892886    0.27068377    0.13866833    0.16623566    0.16623566    0.06073785    0.06504361    0.07161912    0.00000000    0.24178656
T1             0.22244224    0.36679163    0.36679163    0.45560236    0.36056247    0.33071032    0.33514404    0.34419759    0.38403614    0.39043386    0.36732138    0.31416443    0.32385871    0.33970084    0.34326088    0.35776020    0.25287278    0.28988956    0.29966466    0.22094348    0.22325861    0.23142764    0.24178656    0.00000000

