24
T20            0.00000000    0.33467699    0.36222320    0.35134606    0.34274754    0.29560831    0.31460756    0.30544972    0.30753665    0.31548895    0.25352286    0.31365658    0.34139588    0.30290548    0.31894696    0.31075815    0.31711900    0.34139588    0.29396540    0.28787424    0.28787424    0.28829111    0.32032678    0.27472283
T13            0.33467699    0.00000000    0.18524216    0.16919363    0.16468904    0.13947540    0.15004127    0.15004127    0.15169810    0.14453985    0.24988889    0.29847583    0.32559133    0.30793725    0.33673424    0.31126127    0.31418473    0.35339224    0.31671004    0.29485808    0.29560831    0.29600059    0.33517021    0.27369342
T3             0.36222320    0.18524216    0.00000000    0.04972844    0.04765373    0.12021615    0.13476935    0.13763448    0.14727332    0.11777667    0.27058648    0.32182587    0.37417848    0.32729556    0.36533145    0.34829028    0.35242050    0.37048596    0.34777236    0.34373151    0.33327202    0.33372788    0.37530798    0.32344775
T15            0.35134606    0.16919363    0.04972844    0.00000000    0.03272647    0.11052892    0.12484148    0.12760689    0.13711839    0.10837376    0.25834845    0.30174545    0.34888635    0.30714785    0.35339224    0.33073397    0.33120269    0.35242204    0.33372788    0.33327202    0.29737079    0.29772755    0.33673424    0.28810739
T0             0.34274754    0.16468904    0.04765373    0.03272647    0.00000000    0.10146298    0.11562155    0.11837588    0.12776953    0.10384432    0.24746157    0.29275220    0.34022062    0.29560831    0.34472930    0.31888071    0.32525253    0.34373151    0.31504230    0.32478307    0.29560831    0.29600059    0.33517021    0.28631813
T16            0.29560831    0.13947540    0.12021615    0.11052892    0.10146298    0.00000000    0.04756847    0.04549375    0.05840658    0.07849595    0.21866388    0.27090899    0.32006753    0.27681981    0.30097589    0.27996589    0.29237046    0.30350129    0.28031788    0.26504766    0.27124237    0.27158659    0.30920962    0.26781167
T17            0.31460756    0.15004127    0.13476935    0.12484148    0.11562155    0.04756847    0.00000000    0.01415451    0.07387250    0.09685057    0.23832837    0.27337216    0.31337496    0.28244124    0.32344775    0.30503663    0.31126127    0.32261867    0.29237046    0.27681981    0.29030129    0.29070638    0.32277748    0.28990742
T12            0.30544972    0.15004127    0.13763448    0.12760689    0.11837588    0.04549375    0.01415451    0.00000000    0.07177167    0.09474096    0.23009669    0.26781167    0.31084963    0.27681981    0.31754225    0.29275220    0.30544972    0.31006200    0.28669041    0.27124237    0.28464680    0.28505319    0.31690008    0.28425145
T8             0.30753665    0.15169810    0.14727332    0.13711839    0.12776953    0.05840658    0.07387250    0.07177167    0.00000000    0.10623708    0.24152455    0.28244124    0.32898299    0.28844473    0.30640577    0.28211269    0.29129357    0.30247349    0.29522746    0.27962498    0.27648878    0.27681981    0.30135486    0.27996589
T10            0.31548895    0.14453985    0.11777667    0.10837376    0.10384432    0.07849595    0.09685057    0.09474096    0.10623708    0.00000000    0.22434757    0.28031788    0.33720215    0.29600059    0.33120269    0.30587447    0.31888071    0.33372788    0.29560831    0.27996589    0.28560724    0.28595706    0.31418473    0.27962498
T21            0.25352286    0.24988889    0.27058648    0.25834845    0.24746157    0.21866388    0.23832837    0.23009669    0.24152455    0.22434757    0.00000000    0.16872301    0.19822667    0.16846951    0.19822667    0.17713990    0.18235230    0.20837077    0.20410652    0.19876519    0.21464533    0.21491230    0.24868525    0.20314782
T14            0.31365658    0.29847583    0.32182587    0.30174545    0.29275220    0.27090899    0.27337216    0.26781167    0.28244124    0.28031788    0.16872301    0.00000000    0.06060940    0.03492644    0.16532734    0.14528954    0.15329151    0.16753960    0.26754579    0.26479884    0.25783578    0.25819536    0.29768361    0.25138635
T5             0.34139588    0.32559133    0.37417848    0.34888635    0.34022062    0.32006753    0.31337496    0.31084963    0.32898299    0.33720215    0.19822667    0.06060940    0.00000000    0.06720757    0.19623501    0.17533068    0.18869844    0.19299141    0.30342364    0.30054793    0.30054793    0.30099669    0.34329070    0.29354970
T6             0.30290548    0.30793725    0.32729556    0.30714785    0.29560831    0.27681981    0.28244124    0.27681981    0.28844473    0.29600059    0.16846951    0.03492644    0.06720757    0.00000000    0.15722988    0.13745450    0.15004127    0.15945205    0.27030326    0.26754579    0.25442716    0.25476694    0.29396540    0.24805288
T7             0.31894696    0.33673424    0.36533145    0.35339224    0.34472930    0.30097589    0.32344775    0.31754225    0.30640577    0.33120269    0.19822667    0.16532734    0.19623501    0.15722988    0.00000000    0.03284763    0.04783127    0.08260119    0.29528005    0.29243855    0.29813273    0.29859315    0.33726698    0.28787424
T11            0.31075815    0.31126127    0.34829028    0.33073397    0.31888071    0.27996589    0.30503663    0.29275220    0.28211269    0.30587447    0.17713990    0.14528954    0.17533068    0.13745450    0.03284763    0.00000000    0.02245621    0.06931731    0.27429749    0.27153100    0.27707461    0.27750428    0.31497904    0.27346937
T9             0.31711900    0.31418473    0.35242050    0.33120269    0.32525253    0.29237046    0.31126127    0.30544972    0.29129357    0.31888071    0.18235230    0.15329151    0.18869844    0.15004127    0.04783127    0.02245621    0.00000000    0.08510406    0.28029171    0.28398029    0.28308993    0.28352967    0.32135035    0.27624751
T4             0.34139588    0.35339224    0.37048596    0.35242204    0.34373151    0.30350129    0.32261867    0.31006200    0.30247349    0.33372788    0.20837077    0.16753960    0.19299141    0.15945205    0.08260119    0.06931731    0.08510406    0.00000000    0.27508775    0.27546352    0.29968469    0.29354970    0.33868115    0.29600059
T23            0.29396540    0.31671004    0.34777236    0.33372788    0.31504230    0.28031788    0.29237046    0.28669041    0.29522746    0.29560831    0.20410652    0.26754579    0.30342364    0.27030326    0.29528005    0.27429749    0.28029171    0.27508775    0.00000000    0.03280769    0.26403062    0.26440949    0.29439237    0.25681946
T18            0.28787424    0.29485808    0.34373151    0.33327202    0.32478307    0.26504766    0.27681981    0.27124237    0.27962498    0.27996589    0.19876519    0.26479884    0.30054793    0.26754579    0.29243855    0.27153100    0.28398029    0.27546352    0.03280769    0.00000000    0.25511705    0.25856530    0.27944400    0.25409773
T1             0.28787424    0.29560831    0.33327202    0.29737079    0.29560831    0.27124237    0.29030129    0.28464680    0.27648878    0.28560724    0.21464533    0.25783578    0.30054793    0.25442716    0.29813273    0.27707461    0.28308993    0.29968469    0.26403062    0.25511705    0.00000000    0.00805151    0.03277416    0.06504442
T22            0.28829111    0.29600059    0.33372788    0.29772755    0.29600059    0.27158659    0.29070638    0.28505319    0.27681981    0.28595706    0.21491230    0.25819536    0.30099669    0.25476694    0.29859315    0.27750428    0.28352967    0.29354970    0.26440949    0.25856530    0.00805151    0.00000000    0.03280769    0.06960033
T19            0.32032678    0.33517021    0.37530798    0.33673424    0.33517021    0.30920962    0.32277748    0.31690008    0.30135486    0.31418473    0.24868525    0.29768361    0.34329070    0.29396540    0.33726698    0.31497904    0.32135035    0.33868115    0.29439237    0.27944400    0.03277416    0.03280769    0.00000000    0.09673407
T2             0.27472283    0.27369342    0.32344775    0.28810739    0.28631813    0.26781167    0.28990742    0.28425145    0.27996589    0.27962498    0.20314782    0.25138635    0.29354970    0.24805288    0.28787424    0.27346937    0.27624751    0.29600059    0.25681946    0.25409773    0.06504442    0.06960033    0.09673407    0.00000000

