24
T22            0.00000000    0.42616541    0.42352331    0.35868340    0.36432668    0.38234373    0.42010218    0.40497788    0.38968390    0.40170120    0.39079245    0.37541511    0.37427955    0.39381462    0.39381462    0.39784841    0.40815649    0.33681195    0.38356373    0.25163337    0.26242186    0.16189149    0.17431444    0.17678702
T3             0.42616541    0.00000000    0.03701258    0.27095507    0.26300450    0.28149767    0.33826092    0.32485950    0.33937393    0.33728235    0.32395237    0.30638083    0.31219064    0.30349334    0.30349334    0.31761112    0.30927989    0.25623468    0.28713189    0.38675569    0.41078492    0.46606217    0.45581551    0.45932030
T11            0.42352331    0.03701258    0.00000000    0.28111067    0.27312828    0.29205732    0.35002095    0.32928057    0.35091770    0.34891555    0.33525512    0.31747676    0.32335472    0.30776631    0.30776631    0.32190198    0.31357421    0.26610376    0.29118700    0.38675569    0.41078492    0.47936836    0.46441805    0.46796000
T6             0.35868340    0.27095507    0.28111067    0.00000000    0.04994645    0.06089832    0.16714408    0.15686988    0.12893713    0.12175082    0.11226624    0.11500459    0.11004431    0.11320311    0.11320311    0.13148719    0.11995919    0.09643365    0.12052361    0.30551533    0.31677445    0.35558706    0.35203590    0.35250393
T19            0.36432668    0.26300450    0.27312828    0.04994645    0.00000000    0.01829841    0.16801018    0.15765841    0.14155447    0.13198422    0.12227153    0.12282910    0.11765458    0.12332841    0.12332841    0.13948801    0.12795317    0.09663088    0.12831863    0.31747676    0.32878450    0.36121826    0.35656181    0.35706903
T21            0.38234373    0.28149767    0.29205732    0.06089832    0.01829841    0.00000000    0.18126847    0.17068584    0.15411489    0.14438603    0.13447296    0.13260881    0.12731550    0.13823907    0.13823907    0.15464852    0.14294306    0.11078663    0.13569304    0.33436864    0.34587204    0.37916672    0.37427955    0.37484047
T7             0.42010218    0.33826092    0.35002095    0.16714408    0.16801018    0.18126847    0.00000000    0.01623213    0.17965120    0.17491168    0.16714408    0.16006824    0.15446231    0.15810245    0.15810245    0.17491168    0.16292505    0.15446231    0.17313225    0.39257570    0.40883659    0.43025520    0.41280443    0.40558398
T23            0.40497788    0.32485950    0.32928057    0.15686988    0.15765841    0.17068584    0.01623213    0.00000000    0.16921047    0.16451087    0.15686988    0.14986128    0.14438603    0.14788583    0.14788583    0.16451087    0.15265101    0.14438603    0.16270153    0.38165961    0.39769764    0.41476064    0.40949723    0.40230691
T0             0.38968390    0.33937393    0.35091770    0.12893713    0.14155447    0.15411489    0.17965120    0.16921047    0.00000000    0.03485747    0.03066929    0.10312349    0.09844918    0.10556430    0.10556430    0.11695300    0.11031658    0.12183914    0.15411489    0.36068465    0.38007105    0.37636147    0.36539547    0.36132679
T10            0.40170120    0.33728235    0.34891555    0.12175082    0.13198422    0.14438603    0.17491168    0.16451087    0.03485747    0.00000000    0.01212507    0.09868333    0.09401986    0.10113008    0.10113008    0.11720680    0.10587116    0.12436353    0.15464852    0.35614723    0.37541511    0.39579647    0.38061826    0.37636147
T13            0.39079245    0.32395237    0.33525512    0.11226624    0.12227153    0.13447296    0.16714408    0.15686988    0.03066929    0.01212507    0.00000000    0.09178104    0.08717143    0.09419136    0.09419136    0.11012737    0.09887679    0.11720680    0.14710643    0.34587204    0.36487367    0.38494512    0.37005010    0.36588836
T14            0.37541511    0.30638083    0.31747676    0.11500459    0.12282910    0.13260881    0.16006824    0.14986128    0.10312349    0.09868333    0.09178104    0.00000000    0.01210958    0.05425953    0.05425953    0.05831569    0.04988227    0.10587116    0.13260881    0.32681994    0.34178723    0.36719525    0.36600777    0.36913012
T9             0.37427955    0.31219064    0.32335472    0.11004431    0.11765458    0.12731550    0.15446231    0.14438603    0.09844918    0.09401986    0.08717143    0.01210958    0.00000000    0.04554308    0.04554308    0.05395769    0.04554308    0.10329415    0.13729579    0.32581541    0.34078384    0.36600777    0.35866982    0.36176515
T8             0.39381462    0.30349334    0.30776631    0.11320311    0.12332841    0.13823907    0.15810245    0.14788583    0.10556430    0.10113008    0.09419136    0.05425953    0.04554308    0.00000000    0.00000000    0.04541866    0.03284853    0.11106704    0.13823907    0.33549583    0.35059285    0.38419459    0.36659484    0.36971763
T15            0.39381462    0.30349334    0.30776631    0.11320311    0.12332841    0.13823907    0.15810245    0.14788583    0.10556430    0.10113008    0.09419136    0.05425953    0.04554308    0.00000000    0.00000000    0.04541866    0.03284853    0.11106704    0.13823907    0.33549583    0.35059285    0.38419459    0.36659484    0.36971763
T1             0.39784841    0.31761112    0.32190198    0.13148719    0.13948801    0.15464852    0.17491168    0.16451087    0.11695300    0.11720680    0.11012737    0.05831569    0.05395769    0.04541866    0.04541866    0.00000000    0.03270489    0.12459166    0.14949088    0.34872943    0.36408515    0.38175462    0.36913012    0.37226586
T2             0.40815649    0.30927989    0.31357421    0.11995919    0.12795317    0.14294306    0.16292505    0.15265101    0.11031658    0.10587116    0.09887679    0.04988227    0.04554308    0.03284853    0.03284853    0.03270489    0.00000000    0.11563136    0.13783801    0.34149735    0.35059285    0.39446192    0.37285379    0.37600345
T4             0.33681195    0.25623468    0.26610376    0.09643365    0.09663088    0.11078663    0.15446231    0.14438603    0.12183914    0.12436353    0.11720680    0.10587116    0.10329415    0.11106704    0.11106704    0.12459166    0.11563136    0.00000000    0.06714761    0.27869704    0.29606128    0.33035226    0.32606623    0.32648843
T17            0.38356373    0.28713189    0.29118700    0.12052361    0.12831863    0.13569304    0.17313225    0.16270153    0.15411489    0.15464852    0.14710643    0.13260881    0.13729579    0.13823907    0.13823907    0.14949088    0.13783801    0.06714761    0.00000000    0.31798506    0.33628395    0.37285379    0.36799550    0.36855607
T20            0.25163337    0.38675569    0.38675569    0.30551533    0.31747676    0.33436864    0.39257570    0.38165961    0.36068465    0.35614723    0.34587204    0.32681994    0.32581541    0.33549583    0.33549583    0.34872943    0.34149735    0.27869704    0.31798506    0.00000000    0.02234686    0.24939557    0.25186973    0.25460325
T16            0.26242186    0.41078492    0.41078492    0.31677445    0.32878450    0.34587204    0.40883659    0.39769764    0.38007105    0.37541511    0.36487367    0.34178723    0.34078384    0.35059285    0.35059285    0.36408515    0.35059285    0.29606128    0.33628395    0.02234686    0.00000000    0.25711482    0.26564513    0.26843302
T18            0.16189149    0.46606217    0.47936836    0.35558706    0.36121826    0.37916672    0.43025520    0.41476064    0.37636147    0.39579647    0.38494512    0.36719525    0.36600777    0.38419459    0.38419459    0.38175462    0.39446192    0.33035226    0.37285379    0.24939557    0.25711482    0.00000000    0.08750826    0.09205506
T5             0.17431444    0.45581551    0.46441805    0.35203590    0.35656181    0.37427955    0.41280443    0.40949723    0.36539547    0.38061826    0.37005010    0.36600777    0.35866982    0.36659484    0.36659484    0.36913012    0.37285379    0.32606623    0.36799550    0.25186973    0.26564513    0.08750826    0.00000000    0.01619042
T12            0.17678702    0.45932030    0.46796000    0.35250393    0.35706903    0.37484047    0.40558398    0.40230691    0.36132679    0.37636147    0.36588836    0.36913012    0.36176515    0.36971763    0.36971763    0.37226586    0.37600345    0.32648843    0.36855607    0.25460325    0.26843302    0.09205506    0.01619042    0.00000000

