24
T23            0.00000000    0.21723539    0.22355889    0.25748336    0.26261678    0.27944054    0.27471892    0.34197141    0.35912197    0.29438838    0.31211518    0.28265759    0.29767959    0.20385086    0.19574517    0.19276669    0.20016574    0.22588417    0.20105667    0.17802556    0.16732699    0.13998595    0.14453888    0.14965519
T20            0.21723539    0.00000000    0.03066875    0.21777640    0.21413738    0.22647544    0.23940186    0.28265759    0.29560360    0.25714446    0.32982752    0.30793209    0.32344189    0.22985472    0.22634891    0.22088184    0.23720813    0.26719223    0.23762393    0.24237035    0.23940186    0.23114784    0.22219564    0.23379441
T5             0.22355889    0.03066875    0.00000000    0.22417166    0.22037570    0.22710535    0.24000096    0.28352639    0.30386779    0.26092045    0.33419039    0.31211518    0.32774683    0.23325013    0.22962601    0.22412216    0.24053187    0.27090484    0.24100591    0.24599144    0.24901384    0.24364439    0.23143618    0.24331078
T16            0.25748336    0.21777640    0.22417166    0.00000000    0.02866536    0.06140339    0.10217455    0.24893416    0.26205948    0.19928511    0.38803227    0.35802069    0.37472909    0.28706969    0.28595246    0.28631367    0.30097064    0.29485306    0.27996150    0.31738972    0.31641321    0.28504943    0.28464292    0.29767959
T6             0.26261678    0.21413738    0.22037570    0.02866536    0.00000000    0.05441084    0.10172543    0.23866033    0.25783266    0.19024898    0.39011871    0.36006655    0.37678829    0.28914883    0.28810227    0.28843978    0.29736540    0.29702008    0.28210780    0.31594269    0.31503722    0.29029708    0.28990307    0.30298228
T17            0.27944054    0.22647544    0.22710535    0.06140339    0.05441084    0.00000000    0.10944002    0.23372864    0.25584538    0.21062098    0.40342916    0.37273741    0.38601555    0.30675442    0.30214288    0.30255680    0.31753681    0.31125607    0.29599603    0.32429049    0.32326658    0.30816815    0.29438838    0.30768536
T9             0.27471892    0.23940186    0.24000096    0.10217455    0.10172543    0.10944002    0.00000000    0.26287075    0.28265759    0.22386048    0.40874724    0.38163883    0.39891851    0.30503166    0.30060316    0.30097064    0.31591999    0.31965227    0.30097064    0.32082819    0.32672885    0.30386779    0.29438838    0.31349225
T0             0.34197141    0.28265759    0.28352639    0.24893416    0.23866033    0.23372864    0.26287075    0.00000000    0.06944469    0.14272404    0.45215460    0.42336771    0.44179136    0.37457357    0.34828428    0.35856478    0.36844616    0.37158086    0.36960201    0.36768825    0.36768825    0.36648741    0.34384126    0.36210386
T7             0.35912197    0.29560360    0.30386779    0.26205948    0.25783266    0.25584538    0.28265759    0.06944469    0.00000000    0.16225990    0.46469941    0.43547240    0.44994188    0.38106657    0.36217953    0.37257886    0.38262298    0.39335061    0.38369765    0.37047851    0.37047851    0.37648535    0.36111522    0.37215237
T11            0.29438838    0.25714446    0.26092045    0.19928511    0.19024898    0.21062098    0.22386048    0.14272404    0.16225990    0.00000000    0.43617281    0.40801565    0.42601240    0.32136282    0.32091701    0.32387497    0.32897649    0.33282232    0.32641268    0.33467134    0.33119708    0.30920491    0.29886254    0.30876891
T18            0.31211518    0.32982752    0.33419039    0.38803227    0.39011871    0.40342916    0.40874724    0.45215460    0.46469941    0.43617281    0.00000000    0.02439264    0.03481315    0.18049756    0.16692974    0.16712410    0.17164878    0.18796608    0.17429495    0.33167832    0.33167832    0.32326658    0.31349225    0.31349225
T2             0.28265759    0.30793209    0.31211518    0.35802069    0.36006655    0.37273741    0.38163883    0.42336771    0.43547240    0.40801565    0.02439264    0.00000000    0.01414104    0.15568145    0.14253107    0.14272404    0.14709049    0.16290265    0.15223313    0.30479924    0.30479924    0.29669216    0.28724683    0.28724683
T14            0.29767959    0.32344189    0.32774683    0.37472909    0.37678829    0.38601555    0.39891851    0.44179136    0.44994188    0.42601240    0.03481315    0.01414104    0.00000000    0.17360134    0.16004775    0.16026340    0.16468778    0.18098393    0.16998023    0.32032222    0.32032222    0.31206583    0.30577647    0.30577647
T21            0.20385086    0.22985472    0.23325013    0.28706969    0.28914883    0.30675442    0.30503166    0.37457357    0.38106657    0.32136282    0.18049756    0.15568145    0.17360134    0.00000000    0.03077517    0.03082337    0.05653834    0.07444139    0.05638814    0.21464300    0.21464300    0.20209505    0.20182173    0.20747343
T10            0.19574517    0.22634891    0.22962601    0.28595246    0.28810227    0.30214288    0.30060316    0.34828428    0.36217953    0.32091701    0.16692974    0.14253107    0.16004775    0.03077517    0.00000000    0.02031411    0.04554157    0.06081336    0.04545234    0.21155164    0.21155164    0.18796608    0.18774026    0.19322139
T3             0.19276669    0.22088184    0.22412216    0.28631367    0.28843978    0.30255680    0.30097064    0.35856478    0.37257886    0.32387497    0.16712410    0.14272404    0.16026340    0.03082337    0.02031411    0.00000000    0.04559606    0.06312733    0.04549365    0.21180113    0.20616546    0.18004609    0.18252968    0.18796608
T12            0.20016574    0.23720813    0.24053187    0.30097064    0.29736540    0.31753681    0.31591999    0.36844616    0.38262298    0.32897649    0.17164878    0.14709049    0.16468778    0.05653834    0.04554157    0.04559606    0.00000000    0.07403415    0.05616848    0.22507018    0.22507018    0.20105667    0.20082005    0.20640845
T1             0.22588417    0.26719223    0.27090484    0.29485306    0.29702008    0.31125607    0.31965227    0.37158086    0.39335061    0.33282232    0.18796608    0.16290265    0.18098393    0.07444139    0.06081336    0.06312733    0.07403415    0.00000000    0.05852593    0.24000096    0.24000096    0.21835546    0.22095241    0.22678557
T13            0.20105667    0.23762393    0.24100591    0.27996150    0.28210780    0.29599603    0.30097064    0.36960201    0.38369765    0.32641268    0.17429495    0.15223313    0.16998023    0.05638814    0.04545234    0.04549365    0.05616848    0.05852593    0.00000000    0.21649572    0.21649572    0.19551476    0.19255296    0.19804912
T19            0.17802556    0.24237035    0.24599144    0.31738972    0.31594269    0.32429049    0.32082819    0.36768825    0.37047851    0.33467134    0.33167832    0.30479924    0.32032222    0.21464300    0.21155164    0.21180113    0.22507018    0.24000096    0.21649572    0.00000000    0.02034033    0.13062433    0.12580283    0.13801751
T22            0.16732699    0.23940186    0.24901384    0.31641321    0.31503722    0.32326658    0.32672885    0.36768825    0.37047851    0.33119708    0.33167832    0.30479924    0.32032222    0.21464300    0.21155164    0.20616546    0.22507018    0.24000096    0.21649572    0.02034033    0.00000000    0.12067164    0.11592393    0.12793933
T8             0.13998595    0.23114784    0.24364439    0.28504943    0.29029708    0.30816815    0.30386779    0.36648741    0.37648535    0.30920491    0.32326658    0.29669216    0.31206583    0.20209505    0.18796608    0.18004609    0.20105667    0.21835546    0.19551476    0.13062433    0.12067164    0.00000000    0.06743572    0.07422394
T15            0.14453888    0.22219564    0.23143618    0.28464292    0.28990307    0.29438838    0.29438838    0.34384126    0.36111522    0.29886254    0.31349225    0.28724683    0.30577647    0.20182173    0.18774026    0.18252968    0.20082005    0.22095241    0.19255296    0.12580283    0.11592393    0.06743572    0.00000000    0.02236459
T4             0.14965519    0.23379441    0.24331078    0.29767959    0.30298228    0.30768536    0.31349225    0.36210386    0.37215237    0.30876891    0.31349225    0.28724683    0.30577647    0.20747343    0.19322139    0.18796608    0.20640845    0.22678557    0.19804912    0.13801751    0.12793933    0.07422394    0.02236459    0.00000000

