24
T20            0.00000000    0.20047613    0.20559769    0.19012687    0.17951621    0.27012560    0.16630446    0.17154710    0.17932826    0.16908731    0.17138050    0.17385094    0.22139859    0.23985334    0.20960796    0.19539189    0.19356637    0.21880096    0.21045374    0.15052796    0.18261864    0.15489203    0.18854570    0.16233269
T3             0.20047613    0.00000000    0.04966545    0.06271884    0.12694883    0.20988046    0.12672354    0.11945311    0.11954388    0.11713800    0.12419366    0.12169553    0.23129245    0.25304513    0.23394101    0.21970829    0.20884735    0.22865378    0.22602493    0.17295942    0.20604125    0.18284078    0.22894646    0.19561543
T16            0.20559769    0.04966545    0.00000000    0.06705089    0.13658587    0.22023286    0.13634391    0.13387234    0.13871298    0.13151755    0.13376988    0.13613494    0.23366093    0.25549542    0.23926814    0.22494788    0.21119396    0.24283609    0.23423116    0.17519020    0.20838795    0.18511242    0.23129245    0.19792938
T2             0.19012687    0.06271884    0.06705089    0.00000000    0.11733157    0.19792938    0.11713800    0.11954388    0.11945311    0.11244217    0.10992171    0.11697610    0.19561543    0.21638492    0.21503767    0.19792938    0.17971312    0.20988046    0.20167137    0.14004220    0.17172255    0.15469639    0.20167137    0.16964521
T4             0.17951621    0.12694883    0.13658587    0.11733157    0.00000000    0.21218315    0.11986372    0.12720613    0.13201699    0.11513887    0.11733157    0.11964258    0.22079637    0.22758242    0.21763048    0.19497262    0.17684562    0.20731591    0.19913199    0.14495758    0.17684562    0.14426560    0.18490081    0.16419379
T18            0.27012560    0.20988046    0.22023286    0.19792938    0.21218315    0.00000000    0.17723387    0.18533305    0.19057102    0.17476342    0.18511242    0.19034438    0.29993998    0.31031489    0.31965138    0.31087846    0.28770302    0.31136686    0.30173338    0.23883304    0.27886181    0.24047924    0.28614571    0.26736512
T0             0.16630446    0.12672354    0.13634391    0.11713800    0.11986372    0.17723387    0.00000000    0.03914803    0.04339113    0.03070026    0.04754042    0.04966545    0.18991851    0.20500412    0.20627729    0.19497262    0.16663623    0.20116527    0.19308868    0.12734672    0.16111654    0.13671915    0.18490081    0.15674043
T19            0.17154710    0.11945311    0.13387234    0.11954388    0.12720613    0.18533305    0.03914803    0.00000000    0.00805170    0.02859892    0.04969629    0.04751428    0.20371663    0.21616510    0.21476779    0.19771676    0.17190681    0.20116527    0.19862316    0.13481798    0.16630446    0.14426560    0.19308868    0.16456378
T5             0.17932826    0.11954388    0.13871298    0.11945311    0.13201699    0.19057102    0.04339113    0.00805170    0.00000000    0.03277668    0.05399594    0.05179726    0.20347905    0.21595511    0.22023286    0.20303221    0.17703530    0.20092620    0.19838261    0.13968974    0.17138050    0.14919545    0.19561543    0.16700286
T6             0.16908731    0.11713800    0.13151755    0.11244217    0.11513887    0.17476342    0.03070026    0.02859892    0.03277668    0.00000000    0.04328015    0.04112836    0.18783423    0.20519236    0.20371663    0.19244098    0.16419379    0.18761515    0.18511242    0.12502340    0.15868389    0.13436405    0.17703530    0.15433023
T1             0.17138050    0.12419366    0.13376988    0.10992171    0.11733157    0.18511242    0.04754042    0.04969629    0.05399594    0.04328015    0.00000000    0.00602728    0.19517761    0.21877688    0.20604125    0.19751351    0.16875924    0.20092620    0.19286358    0.12474659    0.15585632    0.13658587    0.18740515    0.15915904
T17            0.17385094    0.12169553    0.13613494    0.11697610    0.11964258    0.19034438    0.04966545    0.04751428    0.05179726    0.04112836    0.00602728    0.00000000    0.19771676    0.22139849    0.20861286    0.20006371    0.17122278    0.19792938    0.19539189    0.13201699    0.16084694    0.13895096    0.18991851    0.16158613
T12            0.22139859    0.23129245    0.23366093    0.19561543    0.22079637    0.29993998    0.18991851    0.20371663    0.20347905    0.18783423    0.19517761    0.19771676    0.00000000    0.06061813    0.22464455    0.21273507    0.19687120    0.22759230    0.21621279    0.15575778    0.18580124    0.16275709    0.20250001    0.17295942
T8             0.23985334    0.25304513    0.25549542    0.21638492    0.22758242    0.31031489    0.20500412    0.21616510    0.21595511    0.20519236    0.21877688    0.22139849    0.06061813    0.00000000    0.23781552    0.22520230    0.20909138    0.24381737    0.23219660    0.17006066    0.18971934    0.17456321    0.20909138    0.18220122
T23            0.20960796    0.23394101    0.23926814    0.21503767    0.21763048    0.31965138    0.20627729    0.21476779    0.22023286    0.20371663    0.20604125    0.20861286    0.22464455    0.23781552    0.00000000    0.12707349    0.11055938    0.15991212    0.15229776    0.16080025    0.19381889    0.15991212    0.20448563    0.18854570
T13            0.19539189    0.21970829    0.22494788    0.19792938    0.19497262    0.31087846    0.19497262    0.19771676    0.20303221    0.19244098    0.19751351    0.20006371    0.21273507    0.22520230    0.12707349    0.00000000    0.06932796    0.14680676    0.13936971    0.14495758    0.18220122    0.14680676    0.19308868    0.16945051
T21            0.19356637    0.20884735    0.21119396    0.17971312    0.17684562    0.28770302    0.16663623    0.17190681    0.17703530    0.16419379    0.16875924    0.17122278    0.19687120    0.20909138    0.11055938    0.06932796    0.00000000    0.13481798    0.12749524    0.12549755    0.16437448    0.12734672    0.16700286    0.15192838
T10            0.21880096    0.22865378    0.24283609    0.20988046    0.20731591    0.31136686    0.20116527    0.20116527    0.20092620    0.18761515    0.20092620    0.19792938    0.22759230    0.24381737    0.15991212    0.14680676    0.13481798    0.00000000    0.01008439    0.16129448    0.20279465    0.15771080    0.19156827    0.17861057
T9             0.21045374    0.22602493    0.23423116    0.20167137    0.19913199    0.30173338    0.19308868    0.19862316    0.19838261    0.18511242    0.19286358    0.19539189    0.21621279    0.23219660    0.15229776    0.13936971    0.12749524    0.01008439    0.00000000    0.14837449    0.19687120    0.15010601    0.18356061    0.17074859
T15            0.15052796    0.17295942    0.17519020    0.14004220    0.14495758    0.23883304    0.12734672    0.13481798    0.13968974    0.12502340    0.12474659    0.13201699    0.15575778    0.17006066    0.16080025    0.14495758    0.12549755    0.16129448    0.14837449    0.00000000    0.08974395    0.06753961    0.10867507    0.08541395
T11            0.18261864    0.20604125    0.20838795    0.17172255    0.17684562    0.27886181    0.16111654    0.16630446    0.17138050    0.15868389    0.15585632    0.16084694    0.18580124    0.18971934    0.19381889    0.18220122    0.16437448    0.20279465    0.19687120    0.08974395    0.00000000    0.08725820    0.12672354    0.10777689
T7             0.15489203    0.18284078    0.18511242    0.15469639    0.14426560    0.24047924    0.13671915    0.14426560    0.14919545    0.13436405    0.13658587    0.13895096    0.16275709    0.17456321    0.15991212    0.14680676    0.12734672    0.15771080    0.15010601    0.06753961    0.08725820    0.00000000    0.07826794    0.06056322
T14            0.18854570    0.22894646    0.23129245    0.20167137    0.18490081    0.28614571    0.18490081    0.19308868    0.19561543    0.17703530    0.18740515    0.18991851    0.20250001    0.20909138    0.20448563    0.19308868    0.16700286    0.19156827    0.18356061    0.10867507    0.12672354    0.07826794    0.00000000    0.06074861
T22            0.16233269    0.19561543    0.19792938    0.16964521    0.16419379    0.26736512    0.15674043    0.16456378    0.16700286    0.15433023    0.15915904    0.16158613    0.17295942    0.18220122    0.18854570    0.16945051    0.15192838    0.17861057    0.17074859    0.08541395    0.10777689    0.06056322    0.06074861    0.00000000

