24
T5             0.00000000    0.41692123    0.41692123    0.42097852    0.43033331    0.42288357    0.32537536    0.33685967    0.32060589    0.31472048    0.31472048    0.40304366    0.39648364    0.37475139    0.35928165    0.37225154    0.39842317    0.37475139    0.35872315    0.34702204    0.35985335    0.35817785    0.34291951    0.34338741
T4             0.41692123    0.00000000    0.00401613    0.01210963    0.08983216    0.08993961    0.20556148    0.22227971    0.22783631    0.20811287    0.20811287    0.25566434    0.27438625    0.24942579    0.25751328    0.27486246    0.31270644    0.28370119    0.28830781    0.25836963    0.26022939    0.25592375    0.25592375    0.27525947
T20            0.41692123    0.00401613    0.00000000    0.01620824    0.09450682    0.09462528    0.21129775    0.22818575    0.23379523    0.21386563    0.21386563    0.25566434    0.27759561    0.25566434    0.26381076    0.28142968    0.31961411    0.29035594    0.29496229    0.26470724    0.26654676    0.26214246    0.26214246    0.28174096
T13            0.42097852    0.01210963    0.01620824    0.00000000    0.09922571    0.09935540    0.21419082    0.23116520    0.23680161    0.21676710    0.21676710    0.26517101    0.28407697    0.25881314    0.26698958    0.28474601    0.31614831    0.29371691    0.29162395    0.26152837    0.26337807    0.25902341    0.25902341    0.27848968
T1             0.43033331    0.08983216    0.09450682    0.09922571    0.00000000    0.00805158    0.21008644    0.22684593    0.22947067    0.20980696    0.20980696    0.25399106    0.28556515    0.25399106    0.26214246    0.27294520    0.31168024    0.28501357    0.27759561    0.25669794    0.27119741    0.27315692    0.26448994    0.28643526
T17            0.42288357    0.08993961    0.09462528    0.09935540    0.00805158    0.00000000    0.20186883    0.21841113    0.22100923    0.20160417    0.20160417    0.25751328    0.28275412    0.24515202    0.25321560    0.26381076    0.30203683    0.27571213    0.27161841    0.25710047    0.26214246    0.26411016    0.25864216    0.28038445
T10            0.32537536    0.20556148    0.21129775    0.21419082    0.21008644    0.20186883    0.00000000    0.02444430    0.03502327    0.01829848    0.01829848    0.14856091    0.14473783    0.11334967    0.11320766    0.11856096    0.17290764    0.13316495    0.19796182    0.17992816    0.17416653    0.17338551    0.17290764    0.18624307
T18            0.33685967    0.22227971    0.22818575    0.23116520    0.22684593    0.21841113    0.02444430    0.00000000    0.04770871    0.03069884    0.03069884    0.16340490    0.15429465    0.12530475    0.12514796    0.12564164    0.18598880    0.14552149    0.20079738    0.18269308    0.18181863    0.18102219    0.18598880    0.19960628
T0             0.32060589    0.22783631    0.23379523    0.23680161    0.22947067    0.22100923    0.03502327    0.04770871    0.00000000    0.02444430    0.02444430    0.15048488    0.15745755    0.13011340    0.12499898    0.13045967    0.18574339    0.14019511    0.20842136    0.19294013    0.18429403    0.18350111    0.18030438    0.19375540
T21            0.31472048    0.20811287    0.21386563    0.21676710    0.20980696    0.20160417    0.01829848    0.03069884    0.02444430    0.00000000    0.00000000    0.13550047    0.14202267    0.11079111    0.10587585    0.11107090    0.16471832    0.13045967    0.18927098    0.17145427    0.16582664    0.16513625    0.16471832    0.17783012
T6             0.31472048    0.20811287    0.21386563    0.21676710    0.20980696    0.20160417    0.01829848    0.03069884    0.02444430    0.00000000    0.00000000    0.13550047    0.14202267    0.11079111    0.10587585    0.11107090    0.16471832    0.13045967    0.18927098    0.17145427    0.16582664    0.16513625    0.16471832    0.17783012
T19            0.40304366    0.25566434    0.25566434    0.26517101    0.25399106    0.25751328    0.14856091    0.16340490    0.15048488    0.13550047    0.13550047    0.00000000    0.11792991    0.18239296    0.18210147    0.19357701    0.24494324    0.21083799    0.25702581    0.24273207    0.24538759    0.23796032    0.25169790    0.24593105
T22            0.39648364    0.27438625    0.27759561    0.28407697    0.28556515    0.28275412    0.14473783    0.15429465    0.15745755    0.14202267    0.14202267    0.11792991    0.00000000    0.17760696    0.17739258    0.17806202    0.24174377    0.21098095    0.26381076    0.24717436    0.24366925    0.24248418    0.24942894    0.25592375
T11            0.37475139    0.24942579    0.25566434    0.25881314    0.25399106    0.24515202    0.11334967    0.12530475    0.13011340    0.11079111    0.11079111    0.18239296    0.17760696    0.00000000    0.04545453    0.05626816    0.12514796    0.09711609    0.24674998    0.22746804    0.20940212    0.22297214    0.22227971    0.23080687
T3             0.35928165    0.25751328    0.26381076    0.26698958    0.26214246    0.25321560    0.11320766    0.12514796    0.12499898    0.10587585    0.10587585    0.18210147    0.17739258    0.04545453    0.00000000    0.05621660    0.13028261    0.09935540    0.22593395    0.20940212    0.19765853    0.21098095    0.21324332    0.22162535
T15            0.37225154    0.27486246    0.28142968    0.28474601    0.27294520    0.26381076    0.11856096    0.12564164    0.13045967    0.11107090    0.11107090    0.19357701    0.17806202    0.05626816    0.05621660    0.00000000    0.14019511    0.10218763    0.23310160    0.21416425    0.19641266    0.20397774    0.22593395    0.23756431
T2             0.39842317    0.31270644    0.31961411    0.31614831    0.31168024    0.30203683    0.17290764    0.18598880    0.18574339    0.16471832    0.16471832    0.24494324    0.24174377    0.12514796    0.13028261    0.14019511    0.00000000    0.12268367    0.29162395    0.28650019    0.27617547    0.28127794    0.28221481    0.28501357
T14            0.37475139    0.28370119    0.29035594    0.29371691    0.28501357    0.27571213    0.13316495    0.14552149    0.14019511    0.13045967    0.13045967    0.21083799    0.21098095    0.09711609    0.09935540    0.10218763    0.12268367    0.00000000    0.26244578    0.24584175    0.22707029    0.24101279    0.24942579    0.25211156
T12            0.35872315    0.28830781    0.29496229    0.29162395    0.27759561    0.27161841    0.19796182    0.20079738    0.20842136    0.18927098    0.18927098    0.25702581    0.26381076    0.24674998    0.22593395    0.23310160    0.29162395    0.26244578    0.00000000    0.04554381    0.11066256    0.11512080    0.21354979    0.21902937
T8             0.34702204    0.25836963    0.26470724    0.26152837    0.25669794    0.25710047    0.17992816    0.18269308    0.19294013    0.17145427    0.17145427    0.24273207    0.24717436    0.22746804    0.20940212    0.21416425    0.28650019    0.24584175    0.04554381    0.00000000    0.10173739    0.10611736    0.18734837    0.19827409
T9             0.35985335    0.26022939    0.26654676    0.26337807    0.27119741    0.26214246    0.17416653    0.18181863    0.18429403    0.16582664    0.16582664    0.24538759    0.24366925    0.20940212    0.19765853    0.19641266    0.27617547    0.22707029    0.11066256    0.10173739    0.00000000    0.04988305    0.19933122    0.21037528
T16            0.35817785    0.25592375    0.26214246    0.25902341    0.27315692    0.26411016    0.17338551    0.18102219    0.18350111    0.16513625    0.16513625    0.23796032    0.24248418    0.22297214    0.21098095    0.20397774    0.28127794    0.24101279    0.11512080    0.10611736    0.04988305    0.00000000    0.19906529    0.21524006
T7             0.34291951    0.25592375    0.26214246    0.25902341    0.26448994    0.25864216    0.17290764    0.18598880    0.18030438    0.16471832    0.16471832    0.25169790    0.24942894    0.22227971    0.21324332    0.22593395    0.28221481    0.24942579    0.21354979    0.18734837    0.19933122    0.19906529    0.00000000    0.06282601
T23            0.34338741    0.27525947    0.28174096    0.27848968    0.28643526    0.28038445    0.18624307    0.19960628    0.19375540    0.17783012    0.17783012    0.24593105    0.25592375    0.23080687    0.22162535    0.23756431    0.28501357    0.25211156    0.21902937    0.19827409    0.21037528    0.21524006    0.06282601    0.00000000

