24
T2             0.00000000    0.47146309    0.43295318    0.40245772    0.40803606    0.39921265    0.40477100    0.43983771    0.40965437    0.43894041    0.42457455    0.40883798    0.40073685    0.20436766    0.19675584    0.20436766    0.29812532    0.27284035    0.13197468    0.12730516    0.12716658    0.13183971    0.12703588    0.13446251
T15            0.47146309    0.00000000    0.26415377    0.23302138    0.22847318    0.23710058    0.23408781    0.24278846    0.23748455    0.26963431    0.26142898    0.24624941    0.23710058    0.40027339    0.39598177    0.40171528    0.57677636    0.56187874    0.41791846    0.45199160    0.43380121    0.44059959    0.43466468    0.44760322
T18            0.43295318    0.26415377    0.00000000    0.07859012    0.08318818    0.08539277    0.08771313    0.10623599    0.09251319    0.12562134    0.10411680    0.09238643    0.08539277    0.34828665    0.32622113    0.32478227    0.47740116    0.48381389    0.37771756    0.40098717    0.39242679    0.39242679    0.37394250    0.38152136
T4             0.40245772    0.23302138    0.07859012    0.00000000    0.05835765    0.06050830    0.06271104    0.08963133    0.06959990    0.10359970    0.08289437    0.07162038    0.06492353    0.34881521    0.32672501    0.33217243    0.48275156    0.46668840    0.37456557    0.40171528    0.39310962    0.39703288    0.37080470    0.37835495
T16            0.40803606    0.22847318    0.08318818    0.05835765    0.00000000    0.01006772    0.02442151    0.04549384    0.03710292    0.06968768    0.04776514    0.03919088    0.03280762    0.34026177    0.32186595    0.32724100    0.48842488    0.46792060    0.37337445    0.40073685    0.38421142    0.38810415    0.36209133    0.36958504
T14            0.39921265    0.23710058    0.08539277    0.06050830    0.01006772    0.00000000    0.02648472    0.05194658    0.03919088    0.07185737    0.04988014    0.04128532    0.03488846    0.33618606    0.31788875    0.32326369    0.48284530    0.46244874    0.36519006    0.39202744    0.37585222    0.37967057    0.35411536    0.36147116
T22            0.40477100    0.23408781    0.08771313    0.06271104    0.02442151    0.02648472    0.00000000    0.04554155    0.04133688    0.07412509    0.05425673    0.04343594    0.03701166    0.33725521    0.31893221    0.32428360    0.48743510    0.46244874    0.37271195    0.39996765    0.38351833    0.38739594    0.36147116    0.36893685
T0             0.43983771    0.24278846    0.10623599    0.08963133    0.04549384    0.05194658    0.04554155    0.00000000    0.06527754    0.10172423    0.08099066    0.06968768    0.06296074    0.37585222    0.34920849    0.35470835    0.52234812    0.51065389    0.39828369    0.42968472    0.41211965    0.42038833    0.39524262    0.40321448
T8             0.40965437    0.23748455    0.09251319    0.06959990    0.03710292    0.03919088    0.04133688    0.06527754    0.00000000    0.07880016    0.05875512    0.04783074    0.04133688    0.33426101    0.31601024    0.32133816    0.47023086    0.45894669    0.37092117    0.38637298    0.37788335    0.38174601    0.35593286    0.36337082
T21            0.43894041    0.26963431    0.12562134    0.10359970    0.06968768    0.07185737    0.07412509    0.10172423    0.07880016    0.00000000    0.05220734    0.04139495    0.03497065    0.38152136    0.36209133    0.36768029    0.51158317    0.49256168    0.38283895    0.43128606    0.42205270    0.40975120    0.39059427    0.39059427
T11            0.42457455    0.26142898    0.10411680    0.08289437    0.04776514    0.04988014    0.05425673    0.08099066    0.05875512    0.05220734    0.00000000    0.01008404    0.01623174    0.36086403    0.34195934    0.34743285    0.49107399    0.47961235    0.38882619    0.41707262    0.40803606    0.40398557    0.37719283    0.37719283
T20            0.40883798    0.24624941    0.09238643    0.07162038    0.03919088    0.04128532    0.04343594    0.06968768    0.04783074    0.04139495    0.01008404    0.00000000    0.00603631    0.34328077    0.32481154    0.33021048    0.47829728    0.46693559    0.37405033    0.40152025    0.39276495    0.38882619    0.36272456    0.36272456
T10            0.40073685    0.23710058    0.08539277    0.06492353    0.03280762    0.03488846    0.03701166    0.06296074    0.04133688    0.03497065    0.01623174    0.00603631    0.00000000    0.33972083    0.32133816    0.32672501    0.47829728    0.45800181    0.36647137    0.39351641    0.38491823    0.38104060    0.35531419    0.36272456
T12            0.20436766    0.40027339    0.34828665    0.34881521    0.34026177    0.33618606    0.33725521    0.37585222    0.33426101    0.38152136    0.36086403    0.34328077    0.33972083    0.00000000    0.03910348    0.04756892    0.32969448    0.29668258    0.19119926    0.20013157    0.19423668    0.20491890    0.19955747    0.20805787
T19            0.19675584    0.39598177    0.32622113    0.32672501    0.32186595    0.31788875    0.31893221    0.34920849    0.31601024    0.36209133    0.34195934    0.32481154    0.32133816    0.03910348    0.00000000    0.01619030    0.31496704    0.29587768    0.18701174    0.19539339    0.18950318    0.19228921    0.17605050    0.18424881
T7             0.20436766    0.40171528    0.32478227    0.33217243    0.32724100    0.32326369    0.32428360    0.35470835    0.32133816    0.36768029    0.34743285    0.33021048    0.32672501    0.04756892    0.01619030    0.00000000    0.32724100    0.30785211    0.19172646    0.20013157    0.19423668    0.19703048    0.18620058    0.19451248
T5             0.29812532    0.57677636    0.47740116    0.48275156    0.48842488    0.48284530    0.48743510    0.52234812    0.47023086    0.51158317    0.49107399    0.47829728    0.47829728    0.32969448    0.31496704    0.32724100    0.00000000    0.14709089    0.29052858    0.31073970    0.30002810    0.29335931    0.30053197    0.30731390
T6             0.27284035    0.56187874    0.48381389    0.46668840    0.46792060    0.46244874    0.46244874    0.51065389    0.45894669    0.49256168    0.47961235    0.46693559    0.45800181    0.29668258    0.29587768    0.30785211    0.14709089    0.00000000    0.25513789    0.27425385    0.26415377    0.26098834    0.26142898    0.27101664
T13            0.13197468    0.41791846    0.37771756    0.37456557    0.37337445    0.36519006    0.37271195    0.39828369    0.37092117    0.38283895    0.38882619    0.37405033    0.36647137    0.19119926    0.18701174    0.19172646    0.29052858    0.25513789    0.00000000    0.06117876    0.05662261    0.07215677    0.06752487    0.07432814
T9             0.12730516    0.45199160    0.40098717    0.40171528    0.40073685    0.39202744    0.39996765    0.42968472    0.38637298    0.43128606    0.41707262    0.40152025    0.39351641    0.20013157    0.19539339    0.20013157    0.31073970    0.27425385    0.06117876    0.00000000    0.01623174    0.07444004    0.07205008    0.07891566
T23            0.12716658    0.43380121    0.39242679    0.39310962    0.38421142    0.37585222    0.38351833    0.41211965    0.37788335    0.42205270    0.40803606    0.39276495    0.38491823    0.19423668    0.18950318    0.19423668    0.30002810    0.26415377    0.05662261    0.01623174    0.00000000    0.06978235    0.06743529    0.07422315
T1             0.13183971    0.44059959    0.39242679    0.39703288    0.38810415    0.37967057    0.38739594    0.42038833    0.38174601    0.40975120    0.40398557    0.38882619    0.38104060    0.20491890    0.19228921    0.19703048    0.29335931    0.26098834    0.07215677    0.07444004    0.06978235    0.00000000    0.05194658    0.05852590
T3             0.12703588    0.43466468    0.37394250    0.37080470    0.36209133    0.35411536    0.36147116    0.39524262    0.35593286    0.39059427    0.37719283    0.36272456    0.35531419    0.19955747    0.17605050    0.18620058    0.30053197    0.26142898    0.06752487    0.07205008    0.06743529    0.05194658    0.00000000    0.01415449
T17            0.13446251    0.44760322    0.38152136    0.37835495    0.36958504    0.36147116    0.36893685    0.40321448    0.36337082    0.39059427    0.37719283    0.36272456    0.36272456    0.20805787    0.18424881    0.19451248    0.30731390    0.27101664    0.07432814    0.07891566    0.07422315    0.05852590    0.01415449    0.00000000

