24
T15            0.00000000    0.46611335    0.45214307    0.49979569    0.46258749    0.46258749    0.46169669    0.46169669    0.48618556    0.48618556    0.48517488    0.42584440    0.42998607    0.38810530    0.37791758    0.39798054    0.37855887    0.37808263    0.38746161    0.35785009    0.39853132    0.37176573    0.37177278    0.39528074
T14            0.46611335    0.00000000    0.07363980    0.08495536    0.06938309    0.06938309    0.08751187    0.08751187    0.12351509    0.12351509    0.12582264    0.14423780    0.14677730    0.34593104    0.30733749    0.31702751    0.31459951    0.33087197    0.34042177    0.33857253    0.36806923    0.35678033    0.36386849    0.37352360
T21            0.45214307    0.07363980    0.00000000    0.05190082    0.03701321    0.03701321    0.08495536    0.08495536    0.12299387    0.12299387    0.12530600    0.15623180    0.15880396    0.33386853    0.31607321    0.32586847    0.31654439    0.32613286    0.33882715    0.34772148    0.37381370    0.35873611    0.36699296    0.37548984
T19            0.49979569    0.08495536    0.05190082    0.00000000    0.02236517    0.02236517    0.09419641    0.09419641    0.13297487    0.13297487    0.13531196    0.16172486    0.16433749    0.35873611    0.32636307    0.34344232    0.33387425    0.33642190    0.35678033    0.36814381    0.39145688    0.37607614    0.38710323    0.38942456
T23            0.46258749    0.06938309    0.03701321    0.02236517    0.00000000    0.00000000    0.08069895    0.08069895    0.11627410    0.11627410    0.11856179    0.15172497    0.15429720    0.33832080    0.30353904    0.31654439    0.31070944    0.31349808    0.33282386    0.34508647    0.36023930    0.34539940    0.35614459    0.36919980
T20            0.46258749    0.06938309    0.03701321    0.02236517    0.00000000    0.00000000    0.08069895    0.08069895    0.11627410    0.11627410    0.11856179    0.15172497    0.15429720    0.33832080    0.30353904    0.31654439    0.31070944    0.31349808    0.33282386    0.34508647    0.36023930    0.34539940    0.35614459    0.36919980
T2             0.46169669    0.08751187    0.08495536    0.09419641    0.08069895    0.08069895    0.00000000    0.00000000    0.11892282    0.11892282    0.11911467    0.16715828    0.16980561    0.38172722    0.33741369    0.35488839    0.34515108    0.35819128    0.35736436    0.35973455    0.38183468    0.36666027    0.37752384    0.39131528
T1             0.46169669    0.08751187    0.08495536    0.09419641    0.08069895    0.08069895    0.00000000    0.00000000    0.11892282    0.11892282    0.11911467    0.16715828    0.16980561    0.38172722    0.33741369    0.35488839    0.34515108    0.35819128    0.35736436    0.35973455    0.38183468    0.36666027    0.37752384    0.39131528
T12            0.48618556    0.12351509    0.12299387    0.13297487    0.11627410    0.11627410    0.11892282    0.11892282    0.00000000    0.00000000    0.00200302    0.20842446    0.21130087    0.39871172    0.34574592    0.35612029    0.34272365    0.37791758    0.38905969    0.39453939    0.41434573    0.39475068    0.40169183    0.41660707
T0             0.48618556    0.12351509    0.12299387    0.13297487    0.11627410    0.11627410    0.11892282    0.11892282    0.00000000    0.00000000    0.00200302    0.20842446    0.21130087    0.39871172    0.34574592    0.35612029    0.34272365    0.37791758    0.38905969    0.39453939    0.41434573    0.39475068    0.40169183    0.41660707
T10            0.48517488    0.12582264    0.12530600    0.13531196    0.11856179    0.11856179    0.11911467    0.11911467    0.00200302    0.00200302    0.00000000    0.21098426    0.21386897    0.39798054    0.34515108    0.35549787    0.34212939    0.37729002    0.38833311    0.39389415    0.41362189    0.39403521    0.40103050    0.41583832
T6             0.42584440    0.14423780    0.15623180    0.16172486    0.15172497    0.15172497    0.16715828    0.16715828    0.20842446    0.20842446    0.21098426    0.00000000    0.00200402    0.32984075    0.29209607    0.31510646    0.29917888    0.31516675    0.32443004    0.30944267    0.34084790    0.31947962    0.32655295    0.33035976
T7             0.42998607    0.14677730    0.15880396    0.16433749    0.15429720    0.15429720    0.16980561    0.16980561    0.21130087    0.21130087    0.21386897    0.00200402    0.00000000    0.33334287    0.29539016    0.31854831    0.30252832    0.31854998    0.32792001    0.31273631    0.34437457    0.32290947    0.32997080    0.33387425
T11            0.38810530    0.34593104    0.33386853    0.35873611    0.33832080    0.33832080    0.38172722    0.38172722    0.39871172    0.39871172    0.39798054    0.32984075    0.33334287    0.00000000    0.09178652    0.09868951    0.08741718    0.13632495    0.14711674    0.31978674    0.32586847    0.30492120    0.32883963    0.33334287
T17            0.37791758    0.30733749    0.31607321    0.32636307    0.30353904    0.30353904    0.33741369    0.33741369    0.34574592    0.34574592    0.34515108    0.29209607    0.29539016    0.09178652    0.00000000    0.05194951    0.04124217    0.11282883    0.12333366    0.28221158    0.29979667    0.26686671    0.29365687    0.29122842
T3             0.39798054    0.31702751    0.32586847    0.34344232    0.31654439    0.31654439    0.35488839    0.35488839    0.35612029    0.35612029    0.35549787    0.31510646    0.31854831    0.09868951    0.05194951    0.00000000    0.02444436    0.12240731    0.13357180    0.30765476    0.32391109    0.29300865    0.31070944    0.31070944
T8             0.37855887    0.31459951    0.31654439    0.33387425    0.31070944    0.31070944    0.34515108    0.34515108    0.34272365    0.34272365    0.34212939    0.29917888    0.30252832    0.08741718    0.04124217    0.02444436    0.00000000    0.10814960    0.11399393    0.29533571    0.31702751    0.28319079    0.30066122    0.29824480
T22            0.37808263    0.33087197    0.32613286    0.33642190    0.31349808    0.31349808    0.35819128    0.35819128    0.37791758    0.37791758    0.37729002    0.31516675    0.31854998    0.13632495    0.11282883    0.12240731    0.10814960    0.00000000    0.09935606    0.30909090    0.31978674    0.29571681    0.31018247    0.31180632
T5             0.38746161    0.34042177    0.33882715    0.35678033    0.33282386    0.33282386    0.35736436    0.35736436    0.38905969    0.38905969    0.38833311    0.32443004    0.32792001    0.14711674    0.12333366    0.13357180    0.11399393    0.09935606    0.00000000    0.31018247    0.32788782    0.30022318    0.31810327    0.32686987
T13            0.35785009    0.33857253    0.34772148    0.36814381    0.34508647    0.34508647    0.35973455    0.35973455    0.39453939    0.39453939    0.39389415    0.30944267    0.31273631    0.31978674    0.28221158    0.30765476    0.29533571    0.30909090    0.31018247    0.00000000    0.14886319    0.12965485    0.14368400    0.17366356
T18            0.39853132    0.36806923    0.37381370    0.39145688    0.36023930    0.36023930    0.38183468    0.38183468    0.41434573    0.41434573    0.41362189    0.34084790    0.34437457    0.32586847    0.29979667    0.32391109    0.31702751    0.31978674    0.32788782    0.14886319    0.00000000    0.03488978    0.09205917    0.21871948
T16            0.37176573    0.35678033    0.35873611    0.37607614    0.34539940    0.34539940    0.36666027    0.36666027    0.39475068    0.39475068    0.39403521    0.31947962    0.32290947    0.30492120    0.26686671    0.29300865    0.28319079    0.29571681    0.30022318    0.12965485    0.03488978    0.00000000    0.07177752    0.19150600
T4             0.37177278    0.36386849    0.36699296    0.38710323    0.35614459    0.35614459    0.37752384    0.37752384    0.40169183    0.40169183    0.40103050    0.32655295    0.32997080    0.32883963    0.29365687    0.31070944    0.30066122    0.31018247    0.31810327    0.14368400    0.09205917    0.07177752    0.00000000    0.20042497
T9             0.39528074    0.37352360    0.37548984    0.38942456    0.36919980    0.36919980    0.39131528    0.39131528    0.41660707    0.41660707    0.41583832    0.33035976    0.33387425    0.33334287    0.29122842    0.31070944    0.29824480    0.31180632    0.32686987    0.17366356    0.21871948    0.19150600    0.20042497    0.00000000

