24
T14            0.00000000    0.37263454    0.38354416    0.37649215    0.39274501    0.36422838    0.36922569    0.33693768    0.39485853    0.38136441    0.34531660    0.33679652    0.33865689    0.34040284    0.28886864    0.29839320    0.28886864    0.38584729    0.35994151    0.29119221    0.30987885    0.31569030    0.29638084    0.30935817
T7             0.37263454    0.00000000    0.03697760    0.03067014    0.15467161    0.15267391    0.13950658    0.12473228    0.23213823    0.20417658    0.17269967    0.17269967    0.17340596    0.17269967    0.19152685    0.19963234    0.18876109    0.27487145    0.27801107    0.20784208    0.20983351    0.21213717    0.21844122    0.21526788
T16            0.38354416    0.03697760    0.00000000    0.02234732    0.16537575    0.16342413    0.14731007    0.13200076    0.24749750    0.21814531    0.19152685    0.19152685    0.19236521    0.19152685    0.20528950    0.21358066    0.20245289    0.28740967    0.27764487    0.21906165    0.22395053    0.22626468    0.23278723    0.22950360
T8             0.37649215    0.03067014    0.02234732    0.00000000    0.15988489    0.15790101    0.14457404    0.12719097    0.24409730    0.21555542    0.18352282    0.18352282    0.18431836    0.18352282    0.19991749    0.20814236    0.19710487    0.28133573    0.27171092    0.21358066    0.21555542    0.21785896    0.22426347    0.22103946
T19            0.39274501    0.15467161    0.16537575    0.15988489    0.00000000    0.06492884    0.16453699    0.13408679    0.24161684    0.23017904    0.19493886    0.19768153    0.19834387    0.19221121    0.22919280    0.23775443    0.22626468    0.29085559    0.28858017    0.23808188    0.24074403    0.23542963    0.24912424    0.23152872
T2             0.36422838    0.15267391    0.16342413    0.15790101    0.06492884    0.00000000    0.14988308    0.12460637    0.24189115    0.22515404    0.19009274    0.19282796    0.19352715    0.19282796    0.21268625    0.22103946    0.20983351    0.29876026    0.29862603    0.23245781    0.23447409    0.22860066    0.23152872    0.21731508
T5             0.36922569    0.13950658    0.14731007    0.14457404    0.16453699    0.14988308    0.00000000    0.09653728    0.23712956    0.20623612    0.17473343    0.17207121    0.17269967    0.17207121    0.19403872    0.19101271    0.18576433    0.27043500    0.28009559    0.20648036    0.22568972    0.22804800    0.22568972    0.21446245
T4             0.33693768    0.12473228    0.13200076    0.12719097    0.13408679    0.12460637    0.09653728    0.00000000    0.21612469    0.19493886    0.16661102    0.16368138    0.16416886    0.16368138    0.16156237    0.16923812    0.15896944    0.24912424    0.26178381    0.18466696    0.20880576    0.21115320    0.20880576    0.19240759
T20            0.39485853    0.23213823    0.24749750    0.24409730    0.24161684    0.24189115    0.23712956    0.21612469    0.00000000    0.11808487    0.11107898    0.10148024    0.10188760    0.10148024    0.21966234    0.23095889    0.21680978    0.28157873    0.31022076    0.22778655    0.22227678    0.23042896    0.23867166    0.21833200
T0             0.38136441    0.20417658    0.21814531    0.21555542    0.23017904    0.22515404    0.20623612    0.19493886    0.11808487    0.00000000    0.08309535    0.07850602    0.07423417    0.07170036    0.19240759    0.20880576    0.19514275    0.27559624    0.29429331    0.20857252    0.20793015    0.21032305    0.22203206    0.20773524
T15            0.34531660    0.17269967    0.19152685    0.18352282    0.19493886    0.19009274    0.17473343    0.16661102    0.11107898    0.08309535    0.00000000    0.03701383    0.03716154    0.03701383    0.18010095    0.19076913    0.17740996    0.25288517    0.27102931    0.19053460    0.20088707    0.20880576    0.20930073    0.19240759
T13            0.33679652    0.17269967    0.19152685    0.18352282    0.19768153    0.19282796    0.17207121    0.16368138    0.10148024    0.07850602    0.03701383    0.00000000    0.01210039    0.02648547    0.16942314    0.17187914    0.16416886    0.23841930    0.25270681    0.17968250    0.18988548    0.19768153    0.19811381    0.18161470
T18            0.33865689    0.17340596    0.19236521    0.18431836    0.19834387    0.19352715    0.17269967    0.16416886    0.10188760    0.07423417    0.03716154    0.01210039    0.00000000    0.02656574    0.17003023    0.17515808    0.16737503    0.24178354    0.25357488    0.18032346    0.19053460    0.19834387    0.19883171    0.18217027
T1             0.34040284    0.17269967    0.19152685    0.18352282    0.19221121    0.19282796    0.17207121    0.16368138    0.10148024    0.07170036    0.03701383    0.02648547    0.02656574    0.00000000    0.16942314    0.17988729    0.16678907    0.24677761    0.25873973    0.18507899    0.18447449    0.19768153    0.19261318    0.17895263
T23            0.28886864    0.19152685    0.20528950    0.19991749    0.22919280    0.21268625    0.19403872    0.16156237    0.21966234    0.19240759    0.18010095    0.16942314    0.17003023    0.16942314    0.00000000    0.02454982    0.01626263    0.13012383    0.20162842    0.10880766    0.12053762    0.12023970    0.12053762    0.11335779
T22            0.29839320    0.19963234    0.21358066    0.20814236    0.23775443    0.22103946    0.19101271    0.16923812    0.23095889    0.20880576    0.19076913    0.17187914    0.17515808    0.17988729    0.02454982    0.00000000    0.01623242    0.14256738    0.20137203    0.11840142    0.13532292    0.13496590    0.13532292    0.13047122
T10            0.28886864    0.18876109    0.20245289    0.19710487    0.22626468    0.20983351    0.18576433    0.15896944    0.21680978    0.19514275    0.17740996    0.16416886    0.16737503    0.16678907    0.01626263    0.01623242    0.00000000    0.13766782    0.20162842    0.11366548    0.12547966    0.12515724    0.12547966    0.12069815
T6             0.38584729    0.27487145    0.28740967    0.28133573    0.29085559    0.29876026    0.27043500    0.24912424    0.28157873    0.27559624    0.25288517    0.23841930    0.24178354    0.24677761    0.13012383    0.14256738    0.13766782    0.00000000    0.28694536    0.20051503    0.20304839    0.20245289    0.20528950    0.19991749
T9             0.35994151    0.27801107    0.27764487    0.27171092    0.28858017    0.29862603    0.28009559    0.26178381    0.31022076    0.29429331    0.27102931    0.25270681    0.25357488    0.25873973    0.20162842    0.20137203    0.20162842    0.28694536    0.00000000    0.13514044    0.15812750    0.15768282    0.16031012    0.16272753
T21            0.29119221    0.20784208    0.21906165    0.21358066    0.23808188    0.23245781    0.20648036    0.18466696    0.22778655    0.20857252    0.19053460    0.17968250    0.18032346    0.18507899    0.10880766    0.11840142    0.11366548    0.20051503    0.13514044    0.00000000    0.06784613    0.06537805    0.07240423    0.07457244
T17            0.30987885    0.20983351    0.22395053    0.21555542    0.24074403    0.23447409    0.22568972    0.20880576    0.22227678    0.20793015    0.20088707    0.18988548    0.19053460    0.18447449    0.12053762    0.13532292    0.12547966    0.20304839    0.15812750    0.06784613    0.00000000    0.02862936    0.06304796    0.06296778
T3             0.31569030    0.21213717    0.22626468    0.21785896    0.23542963    0.22860066    0.22804800    0.21115320    0.23042896    0.21032305    0.20880576    0.19768153    0.19834387    0.19768153    0.12023970    0.13496590    0.12515724    0.20245289    0.15768282    0.06537805    0.02862936    0.00000000    0.06289444    0.06282798
T12            0.29638084    0.21844122    0.23278723    0.22426347    0.24912424    0.23152872    0.22568972    0.20880576    0.23867166    0.22203206    0.20930073    0.19811381    0.19883171    0.19261318    0.12053762    0.13532292    0.12547966    0.20528950    0.16031012    0.07240423    0.06304796    0.06289444    0.00000000    0.06296778
T11            0.30935817    0.21526788    0.22950360    0.22103946    0.23152872    0.21731508    0.21446245    0.19240759    0.21833200    0.20773524    0.19240759    0.18161470    0.18217027    0.17895263    0.11335779    0.13047122    0.12069815    0.19991749    0.16272753    0.07457244    0.06296778    0.06282798    0.06296778    0.00000000

