24
T18            0.00000000    0.44546016    0.44892957    0.42637036    0.43726549    0.43926052    0.47604582    0.48147427    0.40316526    0.40247131    0.40506026    0.40834319    0.19768754    0.23120568    0.20535495    0.20648150    0.22364863    0.25149506    0.24277718    0.22046090    0.20051623    0.21165800    0.20845317    0.20755228
T11            0.44546016    0.00000000    0.01210040    0.06056032    0.08733263    0.08940743    0.13214553    0.13699254    0.11032838    0.11524513    0.11283399    0.11754439    0.39659015    0.43119937    0.40728474    0.43583880    0.44562615    0.48054722    0.48235281    0.43243296    0.41777812    0.42933397    0.42856974    0.44192937
T21            0.44892957    0.01210040    0.00000000    0.06938482    0.09653752    0.09860724    0.14203440    0.14695317    0.11985138    0.12486649    0.12241381    0.12719139    0.40767663    0.44295417    0.41842825    0.44758586    0.45333687    0.48872276    0.49510333    0.44412961    0.42520530    0.43689611    0.43611265    0.44965263
T0             0.42637036    0.06056032    0.06938482    0.00000000    0.08331453    0.08299674    0.14553714    0.14834715    0.10625680    0.11366586    0.11123101    0.11107933    0.37108615    0.40316526    0.37873550    0.40643578    0.41189891    0.45923459    0.46718605    0.39921645    0.39022663    0.40133811    0.40061643    0.43600780
T16            0.43726549    0.08733263    0.09653752    0.08331453    0.00000000    0.04338934    0.13785729    0.14060756    0.09206321    0.09451243    0.09923217    0.10386293    0.39274965    0.42596782    0.39922073    0.43194961    0.43349714    0.45746642    0.45926441    0.41633551    0.38886236    0.39207348    0.39921645    0.44970362
T1             0.43926052    0.08940743    0.09860724    0.08299674    0.04338934    0.00000000    0.13514094    0.13785729    0.09644260    0.10361702    0.09653752    0.10113992    0.39076381    0.42372647    0.38609573    0.42974599    0.41495344    0.47247113    0.48324729    0.41828104    0.38692168    0.39398728    0.40112722    0.43851056
T5             0.47604582    0.13214553    0.14203440    0.14553714    0.13785729    0.13514094    0.00000000    0.03077708    0.10896126    0.11155687    0.11155687    0.11628389    0.44447724    0.47166757    0.43952548    0.45312180    0.45746642    0.51543313    0.52413259    0.46097087    0.46201181    0.47457614    0.47358941    0.49793471
T13            0.48147427    0.13699254    0.14695317    0.14834715    0.14060756    0.13785729    0.03077708    0.00000000    0.11646266    0.11912626    0.11418391    0.11893380    0.44970362    0.47716281    0.44454462    0.45834219    0.48075344    0.52147771    0.53028066    0.46627105    0.45850911    0.47101615    0.47003307    0.50387869
T9             0.40316526    0.11032838    0.11985138    0.10625680    0.09206321    0.09644260    0.10896126    0.11646266    0.00000000    0.01417459    0.03069937    0.03489031    0.38566523    0.41852211    0.38569847    0.40972090    0.40179196    0.45834219    0.44881474    0.39722499    0.39882820    0.41013218    0.41342517    0.44809886
T2             0.40247131    0.11524513    0.12486649    0.11366586    0.09451243    0.10361702    0.11155687    0.11912626    0.01417459    0.00000000    0.03710586    0.04134031    0.38248195    0.41520308    0.38250488    0.40643578    0.40247131    0.45485159    0.43689611    0.39398728    0.40608692    0.41752026    0.42084482    0.45597514
T17            0.40506026    0.11283399    0.12241381    0.11123101    0.09923217    0.09653752    0.11155687    0.11418391    0.03069937    0.03710586    0.00000000    0.00401107    0.38633923    0.42753907    0.39013032    0.41043205    0.41043205    0.45923459    0.45834219    0.39787433    0.41013218    0.42164931    0.42084482    0.46043712
T3             0.40834319    0.11754439    0.12719139    0.11107933    0.10386293    0.10113992    0.11628389    0.11893380    0.03489031    0.04134031    0.00401107    0.00000000    0.38953745    0.43090905    0.39335310    0.41373322    0.41373322    0.46274449    0.46184928    0.40112722    0.41342517    0.42499099    0.42418438    0.46394680
T19            0.19768754    0.39659015    0.40767663    0.37108615    0.39274965    0.39076381    0.44447724    0.44970362    0.38566523    0.38248195    0.38633923    0.38953745    0.00000000    0.05200634    0.12719139    0.14020864    0.15310818    0.16230590    0.16515406    0.13748737    0.16076954    0.17121480    0.16609456    0.16537652
T10            0.23120568    0.43119937    0.44295417    0.40316526    0.42596782    0.42372647    0.47166757    0.47716281    0.41852211    0.41520308    0.42753907    0.43090905    0.05200634    0.00000000    0.15141743    0.17025065    0.17611263    0.18010182    0.18303737    0.15208591    0.17857436    0.18929662    0.18404540    0.19710598
T7             0.20535495    0.40728474    0.41842825    0.37873550    0.39922073    0.38609573    0.43952548    0.44454462    0.38569847    0.38250488    0.39013032    0.39335310    0.12719139    0.15141743    0.00000000    0.10599939    0.13200121    0.15639058    0.15141743    0.12205416    0.17681815    0.18197695    0.18486938    0.17700685
T20            0.20648150    0.43583880    0.44758586    0.40643578    0.43194961    0.42974599    0.45312180    0.45834219    0.40972090    0.40643578    0.41043205    0.41373322    0.14020864    0.17025065    0.10599939    0.00000000    0.12779831    0.14951293    0.15486696    0.12763479    0.18552788    0.19630158    0.19101370    0.19077011
T23            0.22364863    0.44562615    0.45333687    0.41189891    0.43349714    0.41495344    0.45746642    0.48075344    0.40179196    0.40247131    0.41043205    0.41373322    0.15310818    0.17611263    0.13200121    0.12779831    0.00000000    0.13532344    0.12515767    0.10174473    0.18327615    0.19403976    0.19152788    0.20245406
T15            0.25149506    0.48054722    0.48872276    0.45923459    0.45746642    0.47247113    0.51543313    0.52147771    0.45834219    0.45485159    0.45923459    0.46274449    0.16230590    0.18010182    0.15639058    0.14951293    0.13532344    0.00000000    0.12763479    0.10148052    0.21240820    0.22364863    0.21814662    0.22656824
T14            0.24277718    0.48235281    0.49510333    0.46718605    0.45926441    0.48324729    0.52413259    0.53028066    0.44881474    0.43689611    0.45834219    0.46184928    0.16515406    0.18303737    0.15141743    0.15486696    0.12515767    0.12763479    0.00000000    0.10135953    0.19811485    0.20904967    0.20930191    0.21758349
T8             0.22046090    0.43243296    0.44412961    0.39921645    0.41633551    0.41828104    0.46097087    0.46627105    0.39722499    0.39398728    0.39787433    0.40112722    0.13748737    0.15208591    0.12205416    0.12763479    0.10174473    0.10148052    0.10135953    0.00000000    0.18303737    0.19101370    0.18850819    0.20217002
T4             0.20051623    0.41777812    0.42520530    0.39022663    0.38886236    0.38692168    0.46201181    0.45850911    0.39882820    0.40608692    0.41013218    0.41342517    0.16076954    0.17857436    0.17681815    0.18552788    0.18327615    0.21240820    0.19811485    0.18303737    0.00000000    0.00805163    0.01617917    0.14834715
T6             0.21165800    0.42933397    0.43689611    0.40133811    0.39207348    0.39398728    0.47457614    0.47101615    0.41013218    0.41752026    0.42164931    0.42499099    0.17121480    0.18929662    0.18197695    0.19630158    0.19403976    0.22364863    0.20904967    0.19101370    0.00805163    0.00000000    0.02442225    0.15860605
T12            0.20845317    0.42856974    0.43611265    0.40061643    0.39921645    0.40112722    0.47358941    0.47003307    0.41342517    0.42084482    0.42084482    0.42418438    0.16609456    0.18404540    0.18486938    0.19101370    0.19152788    0.21814662    0.20930191    0.18850819    0.01617917    0.02442225    0.00000000    0.16151989
T22            0.20755228    0.44192937    0.44965263    0.43600780    0.44970362    0.43851056    0.49793471    0.50387869    0.44809886    0.45597514    0.46043712    0.46394680    0.16537652    0.19710598    0.17700685    0.19077011    0.20245406    0.22656824    0.21758349    0.20217002    0.14834715    0.15860605    0.16151989    0.00000000

