24
T10            0.00000000    0.41800813    0.41536172    0.35702022    0.31891043    0.33462198    0.40807834    0.38751771    0.38751771    0.37107501    0.37851693    0.38861259    0.39189596    0.39189596    0.41536172    0.40359907    0.20768579    0.21368739    0.18984076    0.18712971    0.18157627    0.20038957    0.24154334    0.23543020
T3             0.41800813    0.00000000    0.02857254    0.22779112    0.20693722    0.20618086    0.24507650    0.24595758    0.24595758    0.22987550    0.23860072    0.22562139    0.25018777    0.25018777    0.27160978    0.23534770    0.52371215    0.50679781    0.51617059    0.52375661    0.51046105    0.53142072    0.56836568    0.56722714
T0             0.41536172    0.02857254    0.00000000    0.22106464    0.20583363    0.20493502    0.25478683    0.24397151    0.24397151    0.22798052    0.23088891    0.22387770    0.24300818    0.24300818    0.26443076    0.23448934    0.51327111    0.50114528    0.51067486    0.51819951    0.50493455    0.52580087    0.55748623    0.55634113
T22            0.35702022    0.22779112    0.22106464    0.00000000    0.04790425    0.05206472    0.20777730    0.20107101    0.20107101    0.18547959    0.19650398    0.17067069    0.20807581    0.20807581    0.22257717    0.17805221    0.41606087    0.41606087    0.42490320    0.42343529    0.41071079    0.42202855    0.45847094    0.44931784
T18            0.31891043    0.20693722    0.20583363    0.04790425    0.00000000    0.02031423    0.19372498    0.19004679    0.19004679    0.16938640    0.18005736    0.14966270    0.17758211    0.17758211    0.19121247    0.17197467    0.40820970    0.38166388    0.40479803    0.40349100    0.39130918    0.40224257    0.44585070    0.43695803
T20            0.33462198    0.20618086    0.20493502    0.05206472    0.02031423    0.00000000    0.19852995    0.19489287    0.19489287    0.17412555    0.18482497    0.15427653    0.18775271    0.18775271    0.20720798    0.17658938    0.42213260    0.39885027    0.41868758    0.41734385    0.40491763    0.41606087    0.46478626    0.45561224
T13            0.40807834    0.24507650    0.25478683    0.20777730    0.19372498    0.19852995    0.00000000    0.10565649    0.10565649    0.07832928    0.08750534    0.08122886    0.13981392    0.13981392    0.15263930    0.19201932    0.47499507    0.46628844    0.47655577    0.47477415    0.46949826    0.46867013    0.50135700    0.49601795
T7             0.38751771    0.24595758    0.24397151    0.20107101    0.19004679    0.19489287    0.10565649    0.00000000    0.00000000    0.04323699    0.05182147    0.07380372    0.13148490    0.13148490    0.14392648    0.20438181    0.46478626    0.46199141    0.46765473    0.46159850    0.45649429    0.46706522    0.49682617    0.49154800
T16            0.38751771    0.24595758    0.24397151    0.20107101    0.19004679    0.19489287    0.10565649    0.00000000    0.00000000    0.04323699    0.05182147    0.07380372    0.13148490    0.13148490    0.14392648    0.20438181    0.46478626    0.46199141    0.46765473    0.46159850    0.45649429    0.46706522    0.49682617    0.49154800
T6             0.37107501    0.22987550    0.22798052    0.18547959    0.16938640    0.17412555    0.07832928    0.04323699    0.04323699    0.00000000    0.00806478    0.04765437    0.10085558    0.10085558    0.11270675    0.17827624    0.44931784    0.44239985    0.45624950    0.45031501    0.44530568    0.44876162    0.47190984    0.46266159
T1             0.37851693    0.23860072    0.23088891    0.19650398    0.18005736    0.18482497    0.08750534    0.05182147    0.05182147    0.00806478    0.00000000    0.05638914    0.11031390    0.11031390    0.12239448    0.18372816    0.45773104    0.45074286    0.46499474    0.45890960    0.45379068    0.45728276    0.47190984    0.46690373
T8             0.38861259    0.22562139    0.22387770    0.17067069    0.14966270    0.15427653    0.08122886    0.07380372    0.07380372    0.04765437    0.05638914    0.00000000    0.10624026    0.10624026    0.11837984    0.17714908    0.46679482    0.45541342    0.47974009    0.47317102    0.46771848    0.47126420    0.50395935    0.49377297
T17            0.39189596    0.25018777    0.24300818    0.20807581    0.17758211    0.18775271    0.13981392    0.13148490    0.13148490    0.10085558    0.11031390    0.10624026    0.00000000    0.00000000    0.04994501    0.20298320    0.48024054    0.47306173    0.49320415    0.49119153    0.48106651    0.48467791    0.52276387    0.50307059
T5             0.39189596    0.25018777    0.24300818    0.20807581    0.17758211    0.18775271    0.13981392    0.13148490    0.13148490    0.10085558    0.11031390    0.10624026    0.00000000    0.00000000    0.04994501    0.20298320    0.48024054    0.47306173    0.49320415    0.49119153    0.48106651    0.48467791    0.52276387    0.50307059
T11            0.41536172    0.27160978    0.26443076    0.22257717    0.19121247    0.20720798    0.15263930    0.14392648    0.14392648    0.11270675    0.12239448    0.11837984    0.04994501    0.04994501    0.00000000    0.20298320    0.50768242    0.50493455    0.52210415    0.51981493    0.50902177    0.50797195    0.55237559    0.53142072
T19            0.40359907    0.23534770    0.23448934    0.17805221    0.17197467    0.17658938    0.19201932    0.20438181    0.20438181    0.17827624    0.18372816    0.17714908    0.20298320    0.20298320    0.20298320    0.00000000    0.46595186    0.48830693    0.49528865    0.49320415    0.48295861    0.47747256    0.51717544    0.50672255
T23            0.20768579    0.52371215    0.51327111    0.41606087    0.40820970    0.42213260    0.47499507    0.46478626    0.46478626    0.44931784    0.45773104    0.46679482    0.48024054    0.48024054    0.50768242    0.46595186    0.00000000    0.11041940    0.09673673    0.09205195    0.09195379    0.10575821    0.13904253    0.13642439
T4             0.21368739    0.50679781    0.50114528    0.41606087    0.38166388    0.39885027    0.46628844    0.46199141    0.46199141    0.44239985    0.45074286    0.45541342    0.47306173    0.47306173    0.50493455    0.48830693    0.11041940    0.00000000    0.07403590    0.07859248    0.08078639    0.08741072    0.12008373    0.11511112
T2             0.18984076    0.51617059    0.51067486    0.42490320    0.40479803    0.41868758    0.47655577    0.46765473    0.46765473    0.45624950    0.46499474    0.47974009    0.49320415    0.49320415    0.52210415    0.49528865    0.09673673    0.07403590    0.00000000    0.01620803    0.01824804    0.03701207    0.08954772    0.08488168
T9             0.18712971    0.52375661    0.51819951    0.42343529    0.40349100    0.41734385    0.47477415    0.46159850    0.46159850    0.45031501    0.45890960    0.47317102    0.49119153    0.49119153    0.51981493    0.49320415    0.09205195    0.07859248    0.01620803    0.00000000    0.01006770    0.04128593    0.08954772    0.08488168
T14            0.18157627    0.51046105    0.50493455    0.41071079    0.39130918    0.40491763    0.46949826    0.45649429    0.45649429    0.44530568    0.45379068    0.46771848    0.48106651    0.48106651    0.50902177    0.48295861    0.09195379    0.08078639    0.01824804    0.01006770    0.00000000    0.04338686    0.09177940    0.08710481
T21            0.20038957    0.53142072    0.52580087    0.42202855    0.40224257    0.41606087    0.46867013    0.46706522    0.46706522    0.44876162    0.45728276    0.47126420    0.48467791    0.48467791    0.50797195    0.47747256    0.10575821    0.08741072    0.03701207    0.04128593    0.04338686    0.00000000    0.08927920    0.08468451
T12            0.24154334    0.56836568    0.55748623    0.45847094    0.44585070    0.46478626    0.50135700    0.49682617    0.49682617    0.47190984    0.47190984    0.50395935    0.52276387    0.52276387    0.55237559    0.51717544    0.13904253    0.12008373    0.08954772    0.08954772    0.09177940    0.08927920    0.00000000    0.01008409
T15            0.23543020    0.56722714    0.55634113    0.44931784    0.43695803    0.45561224    0.49601795    0.49154800    0.49154800    0.46266159    0.46690373    0.49377297    0.50307059    0.50307059    0.53142072    0.50672255    0.13642439    0.11511112    0.08488168    0.08488168    0.08710481    0.08468451    0.01008409    0.00000000

