24
T2             0.00000000    0.16413438    0.19300286    0.16431374    0.16675330    0.18753554    0.14392506    0.17021050    0.29910251    0.28032412    0.27073082    0.15642294    0.16442737    0.10850805    0.12545806    0.12599807    0.13446706    0.13197865    0.13197865    0.12051801    0.15503647    0.14728104    0.14490632    0.17043801
T10            0.16413438    0.00000000    0.07403631    0.06282310    0.06498127    0.10071007    0.15593271    0.17184112    0.35139061    0.32626884    0.32626884    0.20438406    0.20721060    0.16380138    0.17412368    0.17736861    0.20829278    0.20829278    0.19723704    0.19903551    0.22912084    0.21132654    0.20594603    0.23971757
T23            0.19300286    0.07403631    0.00000000    0.09215793    0.09438921    0.12913683    0.18390897    0.19277948    0.37794866    0.35445934    0.35445934    0.23238255    0.23833921    0.19026171    0.20386621    0.21549148    0.22221209    0.22221209    0.21935328    0.21005325    0.24669224    0.22534961    0.22328608    0.26058854
T18            0.16431374    0.06282310    0.09215793    0.00000000    0.01822285    0.08468212    0.14822926    0.16380138    0.34123483    0.31891743    0.31891743    0.20183826    0.21609306    0.16657564    0.18233016    0.18299140    0.20294197    0.20294197    0.19469594    0.19650666    0.23238255    0.19763127    0.20060617    0.23410173
T15            0.16675330    0.06498127    0.09438921    0.01822285    0.00000000    0.09147023    0.15063897    0.16624622    0.33031301    0.31507631    0.31507631    0.19877855    0.21291217    0.15893741    0.17449484    0.17511704    0.19997810    0.19997810    0.19179968    0.19072049    0.22619494    0.19469594    0.19763127    0.22797929
T21            0.18753554    0.10071007    0.12913683    0.08468212    0.09147023    0.00000000    0.17310330    0.19197726    0.37314864    0.35343368    0.35343368    0.22011942    0.23175526    0.17875247    0.20017813    0.20083413    0.22173354    0.22173354    0.21325418    0.21181731    0.24838385    0.21585619    0.20768027    0.24719768
T4             0.14392506    0.15593271    0.18390897    0.14822926    0.15063897    0.17310330    0.00000000    0.06921836    0.32095652    0.29775295    0.30756554    0.19930157    0.20211222    0.15124204    0.16657564    0.16450163    0.18140611    0.18140611    0.17611287    0.15620846    0.19784230    0.16869973    0.17908100    0.19509365
T14            0.17021050    0.17184112    0.19277948    0.16380138    0.16624622    0.19197726    0.06921836    0.00000000    0.33821687    0.30924359    0.31598416    0.21415678    0.22293508    0.16713439    0.18571762    0.18099812    0.20642386    0.20642386    0.20083413    0.18845882    0.22097221    0.20386621    0.20412051    0.21751875
T17            0.29910251    0.35139061    0.37794866    0.34123483    0.33031301    0.37314864    0.32095652    0.33821687    0.00000000    0.05835772    0.05407734    0.33602633    0.34322921    0.31160465    0.32837037    0.32302277    0.35974952    0.35246826    0.35609561    0.33787084    0.37150099    0.32923749    0.35725145    0.38678939
T22            0.28032412    0.32626884    0.35445934    0.31891743    0.31507631    0.35343368    0.29775295    0.30924359    0.05835772    0.00000000    0.01007281    0.31370280    0.31716681    0.28682365    0.30294584    0.29773659    0.33676993    0.32974471    0.33324496    0.30973258    0.34202823    0.31401846    0.32036766    0.35784882
T20            0.27073082    0.32626884    0.35445934    0.31891743    0.31507631    0.35343368    0.30756554    0.31598416    0.05407734    0.01007281    0.00000000    0.31026266    0.32065503    0.28356331    0.29958677    0.30110707    0.33324496    0.32626884    0.32974471    0.31316088    0.34564262    0.31062524    0.32036766    0.35784882
T13            0.15642294    0.20438406    0.23238255    0.20183826    0.19877855    0.22011942    0.19930157    0.21415678    0.33602633    0.31370280    0.31026266    0.00000000    0.04370182    0.09265311    0.11910368    0.10981850    0.16799886    0.16269120    0.16314576    0.17226736    0.20141696    0.18455086    0.16848185    0.19231144
T6             0.16442737    0.20721060    0.23833921    0.21609306    0.21291217    0.23175526    0.20211222    0.22293508    0.34322921    0.31716681    0.32065503    0.04370182    0.00000000    0.09978126    0.12159223    0.11227645    0.17878659    0.17336358    0.17387561    0.17500120    0.20428424    0.19856607    0.17659451    0.20936953
T0             0.10850805    0.16380138    0.19026171    0.16657564    0.15893741    0.17875247    0.15124204    0.16713439    0.31160465    0.28682365    0.28356331    0.09265311    0.09978126    0.00000000    0.04580008    0.06547043    0.12703874    0.12214724    0.12950258    0.12545806    0.15764862    0.14728104    0.14235426    0.15723846
T16            0.12545806    0.17412368    0.20386621    0.18233016    0.17449484    0.20017813    0.16657564    0.18571762    0.32837037    0.30294584    0.29958677    0.11910368    0.12159223    0.04580008    0.00000000    0.08135864    0.14948311    0.14437903    0.15205486    0.14809140    0.17336358    0.16533798    0.16291431    0.17288563
T1             0.12599807    0.17736861    0.21549148    0.18299140    0.17511704    0.20083413    0.16450163    0.18099812    0.32302277    0.29773659    0.30110707    0.10981850    0.11227645    0.06547043    0.08135864    0.00000000    0.14490632    0.13981519    0.14235426    0.14358627    0.17687068    0.15546594    0.16363360    0.17632684
T11            0.13446706    0.20829278    0.22221209    0.20294197    0.19997810    0.22173354    0.18140611    0.20642386    0.35974952    0.33676993    0.33324496    0.16799886    0.17878659    0.12703874    0.14948311    0.14490632    0.00000000    0.00401612    0.02241968    0.10372194    0.13477546    0.12214724    0.11765005    0.13446706
T8             0.13197865    0.20829278    0.22221209    0.20294197    0.19997810    0.22173354    0.18140611    0.20642386    0.35246826    0.32974471    0.32626884    0.16269120    0.17336358    0.12214724    0.14437903    0.13981519    0.00401612    0.00000000    0.02241968    0.10372194    0.13477546    0.12214724    0.11765005    0.13446706
T7             0.13197865    0.19723704    0.21935328    0.19469594    0.19179968    0.21325418    0.17611287    0.20083413    0.35609561    0.33324496    0.32974471    0.16314576    0.17387561    0.12950258    0.15205486    0.14235426    0.02241968    0.02241968    0.00000000    0.10134599    0.13477546    0.11971935    0.11041895    0.12703874
T9             0.12051801    0.19903551    0.21005325    0.19650666    0.19072049    0.21181731    0.15620846    0.18845882    0.33787084    0.30973258    0.31316088    0.17226736    0.17500120    0.12545806    0.14809140    0.14358627    0.10372194    0.10372194    0.10134599    0.00000000    0.03705476    0.06952075    0.09004859    0.10864591
T12            0.15503647    0.22912084    0.24669224    0.23238255    0.22619494    0.24838385    0.19784230    0.22097221    0.37150099    0.34202823    0.34564262    0.20141696    0.20428424    0.15764862    0.17336358    0.17687068    0.13477546    0.13477546    0.13477546    0.03705476    0.00000000    0.09898130    0.12298192    0.14253965
T19            0.14728104    0.21132654    0.22534961    0.19763127    0.19469594    0.21585619    0.16869973    0.20386621    0.32923749    0.31401846    0.31062524    0.18455086    0.19856607    0.14728104    0.16533798    0.15546594    0.12214724    0.12214724    0.11971935    0.06952075    0.09898130    0.00000000    0.11535317    0.13212263
T3             0.14490632    0.20594603    0.22328608    0.20060617    0.19763127    0.20768027    0.17908100    0.20412051    0.35725145    0.32036766    0.32036766    0.16848185    0.17659451    0.14235426    0.16291431    0.16363360    0.11765005    0.11765005    0.11041895    0.09004859    0.12298192    0.11535317    0.00000000    0.07195327
T5             0.17043801    0.23971757    0.26058854    0.23410173    0.22797929    0.24719768    0.19509365    0.21751875    0.38678939    0.35784882    0.35784882    0.19231144    0.20936953    0.15723846    0.17288563    0.17632684    0.13446706    0.13446706    0.12703874    0.10864591    0.14253965    0.13212263    0.07195327    0.00000000

