24
T1             0.00000000    0.32551511    0.35081950    0.35814376    0.36494730    0.35446815    0.36002942    0.32998363    0.32998363    0.22137830    0.22338599    0.22169346    0.20859674    0.23716516    0.22953985    0.16232235    0.16699236    0.19433540    0.21237722    0.19685516    0.17098250    0.20371471    0.21494311    0.11537824
T16            0.32551511    0.00000000    0.09889154    0.11322378    0.11308843    0.11296073    0.11308843    0.11262383    0.11262383    0.27140958    0.29505342    0.29010602    0.25721289    0.27824539    0.27012850    0.31735337    0.32285296    0.34968166    0.33846034    0.34353188    0.33596309    0.35387938    0.36184673    0.29183041
T15            0.35081950    0.09889154    0.00000000    0.03907214    0.03904439    0.03483389    0.03697830    0.11296073    0.11296073    0.28766897    0.29620785    0.31036070    0.26955429    0.29829744    0.29256734    0.33495335    0.34401691    0.39034587    0.37181985    0.38193215    0.36557748    0.37694060    0.38148885    0.30525529
T9             0.35814376    0.11322378    0.03907214    0.00000000    0.00401108    0.02029494    0.02239009    0.12734065    0.12734065    0.29335024    0.30195745    0.30944425    0.28135734    0.31400011    0.30815840    0.35165449    0.35728799    0.39426758    0.37560727    0.39218768    0.36311867    0.36687774    0.37135007    0.31441535
T23            0.36494730    0.11308843    0.03904439    0.00401108    0.00000000    0.02028116    0.02236563    0.13215550    0.13215550    0.29948407    0.30815840    0.31573348    0.28733409    0.32030346    0.31441535    0.35834811    0.36402100    0.40146576    0.38259400    0.39933503    0.36999423    0.37379633    0.37832848    0.32072938
T5             0.35446815    0.11296073    0.03483389    0.02029494    0.02028116    0.00000000    0.01824866    0.12242205    0.12242205    0.29335024    0.30195745    0.31619691    0.28135734    0.31400011    0.30815840    0.34807186    0.35369260    0.39678829    0.37811582    0.38831202    0.36933642    0.36184673    0.36622096    0.31107331
T13            0.36002942    0.11308843    0.03697830    0.02239009    0.02236563    0.01824866    0.00000000    0.12748900    0.12748900    0.29461038    0.30321185    0.31765909    0.28228484    0.31528206    0.30944425    0.35330361    0.35889811    0.40295875    0.38395934    0.38645483    0.37518160    0.37762772    0.38220473    0.30900376
T11            0.32998363    0.11262383    0.11296073    0.12734065    0.13215550    0.12242205    0.12748900    0.00000000    0.00000000    0.28086517    0.29256734    0.29335024    0.26321177    0.29147927    0.28014277    0.33099712    0.33654295    0.37181985    0.36869202    0.36003787    0.34305236    0.35754139    0.36184673    0.30156275
T17            0.32998363    0.11262383    0.11296073    0.12734065    0.13215550    0.12242205    0.12748900    0.00000000    0.00000000    0.28086517    0.29256734    0.29335024    0.26321177    0.29147927    0.28014277    0.33099712    0.33654295    0.37181985    0.36869202    0.36003787    0.34305236    0.35754139    0.36184673    0.30156275
T12            0.22137830    0.27140958    0.28766897    0.29335024    0.29948407    0.29335024    0.29461038    0.28086517    0.28086517    0.00000000    0.06952992    0.07196432    0.10541301    0.14952626    0.12501746    0.20907468    0.21969012    0.25873395    0.25679501    0.25527654    0.21909712    0.24146929    0.24791961    0.18468574
T19            0.22338599    0.29505342    0.29620785    0.30195745    0.30815840    0.30195745    0.30321185    0.29256734    0.29256734    0.06952992    0.00000000    0.07170338    0.11243799    0.15932508    0.13700315    0.22544719    0.23629975    0.27643955    0.27770932    0.27286598    0.23351709    0.25564059    0.26224063    0.20323561
T22            0.22169346    0.29010602    0.31036070    0.30944425    0.31573348    0.31619691    0.31765909    0.29335024    0.29335024    0.07196432    0.07170338    0.00000000    0.11722621    0.15970121    0.13732619    0.23546881    0.24647428    0.27493056    0.27955402    0.27770932    0.23726584    0.26985069    0.27677590    0.20702509
T0             0.20859674    0.25721289    0.26955429    0.28135734    0.28733409    0.28135734    0.28228484    0.26321177    0.26321177    0.10541301    0.11243799    0.11722621    0.00000000    0.11684182    0.10293890    0.20004942    0.21333506    0.24192471    0.23391990    0.23286156    0.20626118    0.22807840    0.23420969    0.18381053
T3             0.23716516    0.27824539    0.29829744    0.31400011    0.32030346    0.31400011    0.31528206    0.29147927    0.29147927    0.14952626    0.15932508    0.15970121    0.11684182    0.00000000    0.04334682    0.24221049    0.26244904    0.28163216    0.27964231    0.27489919    0.23779253    0.26695317    0.27365940    0.21994721
T6             0.22953985    0.27012850    0.29256734    0.30815840    0.31441535    0.30815840    0.30944425    0.28014277    0.28014277    0.12501746    0.13700315    0.13732619    0.10293890    0.04334682    0.00000000    0.21994721    0.24549747    0.26109031    0.26538290    0.26072796    0.22495658    0.25601504    0.26264508    0.20676104
T10            0.16232235    0.31735337    0.33495335    0.35165449    0.35834811    0.34807186    0.35330361    0.33099712    0.33099712    0.20907468    0.22544719    0.23546881    0.20004942    0.24221049    0.21994721    0.00000000    0.03919494    0.19355155    0.20277703    0.18380406    0.16760643    0.18603463    0.19685516    0.14158423
T8             0.16699236    0.32285296    0.34401691    0.35728799    0.36402100    0.35369260    0.35889811    0.33654295    0.33654295    0.21969012    0.23629975    0.24647428    0.21333506    0.26244904    0.24549747    0.03919494    0.00000000    0.21529856    0.22201822    0.20474350    0.18034455    0.19911605    0.21014437    0.15640275
T7             0.19433540    0.34968166    0.39034587    0.39426758    0.40146576    0.39678829    0.40295875    0.37181985    0.37181985    0.25873395    0.27643955    0.27493056    0.24192471    0.28163216    0.26109031    0.19355155    0.21529856    0.00000000    0.07860561    0.11296073    0.12734065    0.14714108    0.15728768    0.19129051
T20            0.21237722    0.33846034    0.37181985    0.37560727    0.38259400    0.37811582    0.38395934    0.36869202    0.36869202    0.25679501    0.27770932    0.27955402    0.23391990    0.27964231    0.26538290    0.20277703    0.22201822    0.07860561    0.00000000    0.11067675    0.12285379    0.14258176    0.15269072    0.18380406
T21            0.19685516    0.34353188    0.38193215    0.39218768    0.39933503    0.38831202    0.38645483    0.36003787    0.36003787    0.25527654    0.27286598    0.27770932    0.23286156    0.27489919    0.26072796    0.18380406    0.20474350    0.11296073    0.11067675    0.00000000    0.12694318    0.14158423    0.15158408    0.17475183
T4             0.17098250    0.33596309    0.36557748    0.36311867    0.36999423    0.36933642    0.37518160    0.34305236    0.34305236    0.21909712    0.23351709    0.23726584    0.20626118    0.23779253    0.22495658    0.16760643    0.18034455    0.12734065    0.12285379    0.12694318    0.00000000    0.08733649    0.09654248    0.14970818
T2             0.20371471    0.35387938    0.37694060    0.36687774    0.37379633    0.36184673    0.37762772    0.35754139    0.35754139    0.24146929    0.25564059    0.26985069    0.22807840    0.26695317    0.25601504    0.18603463    0.19911605    0.14714108    0.14258176    0.14158423    0.08733649    0.00000000    0.00805167    0.17294725
T18            0.21494311    0.36184673    0.38148885    0.37135007    0.37832848    0.36622096    0.38220473    0.36184673    0.36184673    0.24791961    0.26224063    0.27677590    0.23420969    0.27365940    0.26264508    0.19685516    0.21014437    0.15728768    0.15269072    0.15158408    0.09654248    0.00805167    0.00000000    0.18354672
T14            0.11537824    0.29183041    0.30525529    0.31441535    0.32072938    0.31107331    0.30900376    0.30156275    0.30156275    0.18468574    0.20323561    0.20702509    0.18381053    0.21994721    0.20676104    0.14158423    0.15640275    0.19129051    0.18380406    0.17475183    0.14970818    0.17294725    0.18354672    0.00000000

