24
T3             0.00000000    0.27050645    0.28024711    0.30427023    0.30139587    0.29433604    0.31976515    0.32076242    0.27541579    0.32234709    0.32180705    0.32422268    0.32370618    0.31343175    0.30292840    0.30625070    0.30474039    0.31200180    0.30547477    0.31355161    0.32878279    0.16429044    0.16167945    0.15203348
T20            0.27050645    0.00000000    0.01010136    0.21721012    0.21803383    0.21203538    0.24864733    0.26326154    0.20946214    0.25040251    0.24094004    0.23908750    0.24417936    0.24771621    0.23271931    0.23562631    0.20290866    0.22479285    0.28583031    0.27373230    0.32228853    0.25003126    0.24094004    0.23633141
T14            0.28024711    0.01010136    0.00000000    0.22007547    0.22092402    0.21488440    0.25167766    0.26636716    0.20946214    0.24734438    0.23794600    0.24204610    0.24714674    0.25071924    0.23562631    0.23855031    0.20568646    0.22767471    0.28914161    0.28353662    0.32583468    0.25929085    0.25003126    0.24542263
T2             0.30427023    0.21721012    0.22007547    0.00000000    0.02447191    0.06276065    0.10792276    0.11970847    0.07812502    0.27541579    0.27189621    0.29594655    0.32130315    0.30209127    0.29194937    0.28874421    0.27364970    0.30871394    0.31887482    0.31304540    0.35713686    0.29594655    0.27677473    0.27820548
T6             0.30139587    0.21803383    0.22092402    0.02447191    0.00000000    0.04977110    0.08946295    0.10093014    0.06046508    0.25779399    0.24832674    0.28664018    0.31162419    0.29921457    0.28273387    0.28590851    0.25919559    0.29349539    0.32757156    0.31469720    0.35914708    0.29065273    0.26842669    0.26361855
T19            0.29433604    0.21203538    0.21488440    0.06276065    0.04977110    0.00000000    0.09169630    0.10319458    0.06482702    0.24532371    0.23614629    0.28626876    0.30130031    0.29555518    0.27925018    0.28239487    0.24985369    0.28344526    0.30621929    0.30386066    0.33648245    0.29349539    0.26809291    0.26326154
T8             0.31976515    0.24864733    0.25167766    0.10792276    0.08946295    0.09169630    0.00000000    0.02862749    0.06931488    0.27432357    0.26225373    0.29804295    0.31664988    0.30092221    0.29410398    0.29731945    0.29159120    0.31412440    0.36531322    0.35779419    0.40142861    0.30209127    0.28206703    0.27467681
T18            0.32076242    0.26326154    0.26636716    0.11970847    0.10093014    0.10319458    0.02862749    0.00000000    0.08045186    0.28947392    0.27398119    0.31120171    0.32425997    0.32085857    0.30709182    0.31039219    0.29804295    0.33113299    0.37294705    0.36531322    0.41367429    0.30292840    0.28910343    0.28178535
T22            0.27541579    0.20946214    0.20946214    0.07812502    0.06046508    0.06482702    0.06931488    0.08045186    0.00000000    0.23966499    0.23057329    0.26533068    0.28308401    0.27432357    0.26163480    0.26469293    0.24771621    0.27189621    0.32403794    0.31818157    0.35540170    0.27154198    0.25013184    0.24832674
T5             0.32234709    0.25040251    0.24734438    0.27541579    0.25779399    0.24532371    0.27432357    0.28947392    0.23966499    0.00000000    0.02866481    0.33460526    0.32471616    0.32042605    0.31000521    0.31331650    0.28947392    0.31542551    0.32698372    0.32462510    0.36086826    0.31683316    0.30336421    0.28866402
T4             0.32180705    0.24094004    0.23794600    0.27189621    0.24832674    0.23614629    0.26225373    0.27398119    0.23057329    0.02866481    0.00000000    0.32381592    0.31412440    0.31000521    0.29985775    0.30309403    0.28590851    0.30497952    0.32289893    0.32052912    0.35649228    0.31976515    0.30625070    0.29149447
T15            0.32422268    0.23908750    0.24204610    0.29594655    0.28664018    0.28626876    0.29804295    0.31120171    0.26533068    0.33460526    0.32381592    0.00000000    0.03930352    0.04362320    0.03073275    0.03284692    0.08770918    0.09672855    0.34550270    0.34672350    0.38703650    0.29309194    0.28664018    0.27702304
T10            0.32370618    0.24417936    0.24714674    0.32130315    0.31162419    0.30130031    0.31664988    0.32425997    0.28308401    0.32471616    0.31412440    0.03930352    0.00000000    0.04343499    0.03485626    0.03697491    0.08528556    0.10609856    0.33774233    0.33888646    0.37711103    0.29517521    0.29194937    0.27580148
T0             0.31343175    0.24771621    0.25071924    0.30209127    0.29921457    0.29555518    0.30092221    0.32085857    0.27432357    0.32042605    0.31000521    0.04362320    0.04343499    0.00000000    0.02031388    0.02238857    0.08549950    0.10397085    0.34491099    0.34610688    0.37084302    0.28947392    0.28308401    0.26711109
T7             0.30292840    0.23271931    0.23562631    0.29194937    0.28273387    0.27925018    0.29410398    0.30709182    0.26163480    0.31000521    0.29985775    0.03073275    0.03485626    0.02031388    0.00000000    0.00200401    0.07621439    0.09438113    0.32666188    0.32770705    0.35893147    0.28273387    0.27644444    0.26052255
T21            0.30625070    0.23562631    0.23855031    0.28874421    0.28590851    0.28239487    0.29731945    0.31039219    0.26469293    0.31331650    0.30309403    0.03284692    0.03697491    0.02238857    0.00200401    0.00000000    0.07849231    0.09672855    0.33014625    0.33121587    0.36264900    0.28590851    0.27957926    0.26361855
T1             0.30474039    0.20290866    0.20568646    0.27364970    0.25919559    0.24985369    0.29159120    0.29804295    0.24771621    0.28947392    0.28590851    0.08770918    0.08528556    0.08549950    0.07621439    0.07849231    0.00000000    0.07215430    0.30571494    0.29331126    0.34913912    0.28027062    0.28027062    0.27226118
T13            0.31200180    0.22479285    0.22767471    0.30871394    0.29349539    0.28344526    0.31412440    0.33113299    0.27189621    0.31542551    0.30497952    0.09672855    0.10609856    0.10397085    0.09438113    0.09672855    0.07215430    0.00000000    0.32936482    0.32346255    0.35956421    0.28626876    0.27991942    0.27504089
T16            0.30547477    0.28583031    0.28914161    0.31887482    0.32757156    0.30621929    0.36531322    0.37294705    0.32403794    0.32698372    0.32289893    0.34550270    0.33774233    0.34491099    0.32666188    0.33014625    0.30571494    0.32936482    0.00000000    0.02660318    0.14076602    0.26367595    0.27234978    0.26139274
T17            0.31355161    0.27373230    0.28353662    0.31304540    0.31469720    0.30386066    0.35779419    0.36531322    0.31818157    0.32462510    0.32052912    0.34672350    0.33888646    0.34610688    0.32770705    0.33121587    0.29331126    0.32346255    0.02660318    0.00000000    0.13353621    0.26367595    0.27004551    0.25913020
T9             0.32878279    0.32228853    0.32583468    0.35713686    0.35914708    0.33648245    0.40142861    0.41367429    0.35540170    0.36086826    0.35649228    0.38703650    0.37711103    0.37084302    0.35893147    0.36264900    0.34913912    0.35956421    0.14076602    0.13353621    0.00000000    0.26367595    0.27004551    0.25913020
T23            0.16429044    0.25003126    0.25929085    0.29594655    0.29065273    0.29349539    0.30209127    0.30292840    0.27154198    0.31683316    0.31976515    0.29309194    0.29517521    0.28947392    0.28273387    0.28590851    0.28027062    0.28626876    0.26367595    0.26367595    0.26367595    0.00000000    0.04114328    0.04120075
T12            0.16167945    0.24094004    0.25003126    0.27677473    0.26842669    0.26809291    0.28206703    0.28910343    0.25013184    0.30336421    0.30625070    0.28664018    0.29194937    0.28308401    0.27644444    0.27957926    0.28027062    0.27991942    0.27234978    0.27004551    0.27004551    0.04114328    0.00000000    0.04120075
T11            0.15203348    0.23633141    0.24542263    0.27820548    0.26361855    0.26326154    0.27467681    0.28178535    0.24832674    0.28866402    0.29149447    0.27702304    0.27580148    0.26711109    0.26052255    0.26361855    0.27226118    0.27504089    0.26139274    0.25913020    0.25913020    0.04120075    0.04120075    0.00000000

