24
T20            0.00000000    0.27153451    0.24239979    0.24778379    0.26447593    0.26171679    0.19650018    0.19929373    0.17984885    0.17737067    0.16822450    0.16798960    0.24269964    0.30054244    0.20013726    0.19903079    0.20720491    0.19173295    0.11548488    0.14253383    0.15004341    0.14549558    0.15067733    0.14915100
T16            0.27153451    0.00000000    0.09057156    0.09531115    0.09909487    0.09474053    0.26168263    0.27111805    0.29244751    0.29621637    0.25662310    0.25623505    0.35473280    0.41708332    0.30004067    0.29244751    0.29621637    0.27388727    0.23767146    0.26368190    0.27586904    0.27071225    0.27708259    0.28600021
T2             0.24239979    0.09057156    0.00000000    0.01210953    0.04117115    0.03701207    0.22461406    0.24211015    0.25927059    0.26265124    0.23705662    0.23676426    0.32779313    0.37083758    0.27308770    0.26919611    0.27270409    0.25444983    0.21913766    0.24425295    0.25593780    0.25078711    0.25684842    0.25463332
T1             0.24778379    0.09531115    0.01210953    0.00000000    0.04545389    0.04128567    0.22989825    0.24749699    0.26477522    0.26817212    0.23943213    0.23915128    0.33377602    0.37713169    0.27866126    0.27475342    0.27827933    0.25990687    0.22438557    0.24966682    0.26142682    0.25623075    0.26232903    0.26314324
T13            0.26447593    0.09909487    0.04117115    0.04545389    0.00000000    0.02855508    0.24916992    0.26418750    0.26695909    0.27032319    0.24105433    0.24081623    0.33850025    0.40478485    0.29278862    0.28883999    0.29241134    0.27063050    0.23768130    0.26641842    0.27843646    0.27311365    0.27934494    0.27714968
T23            0.26171679    0.09474053    0.03701207    0.04128567    0.02855508    0.00000000    0.24645421    0.26142682    0.26974166    0.27311365    0.24425295    0.24399579    0.34239645    0.40545382    0.28994067    0.28600021    0.28956240    0.27094881    0.23500171    0.26364341    0.27562206    0.27032319    0.27653512    0.27432571
T7             0.19650018    0.26168263    0.22461406    0.22989825    0.24916992    0.24645421    0.00000000    0.08308455    0.21290350    0.21897830    0.19258677    0.19229327    0.29398897    0.34703236    0.22222258    0.21807537    0.22649018    0.21062669    0.17827038    0.19599900    0.20411955    0.19650018    0.19929373    0.24269964
T17            0.19929373    0.27111805    0.24211015    0.24749699    0.26418750    0.26142682    0.08308455    0.00000000    0.21234412    0.21836682    0.19480221    0.19451871    0.30723662    0.34569419    0.23039975    0.22911700    0.23767146    0.22157508    0.18322355    0.21234412    0.22357444    0.21577734    0.22157508    0.23676426
T15            0.17984885    0.29244751    0.25927059    0.26477522    0.26695909    0.26974166    0.21290350    0.21234412    0.00000000    0.01008404    0.10909625    0.10893741    0.23328556    0.28073500    0.16958173    0.16626091    0.17166811    0.15910947    0.14885212    0.19300707    0.19553441    0.19624503    0.20183216    0.21913766
T11            0.17737067    0.29621637    0.26265124    0.26817212    0.27032319    0.27311365    0.21897830    0.21836682    0.01008404    0.00000000    0.11170168    0.11152947    0.23354915    0.28444021    0.17244065    0.16903636    0.17450084    0.16188546    0.15411280    0.19877701    0.20131818    0.20210297    0.20776927    0.22222702
T19            0.16822450    0.25662310    0.23705662    0.23943213    0.24105433    0.24425295    0.19258677    0.19480221    0.10909625    0.11170168    0.00000000    0.00401107    0.21520153    0.23788102    0.15808016    0.15984691    0.16754531    0.15284414    0.12777113    0.16555762    0.17335199    0.16871967    0.17412557    0.19300707
T22            0.16798960    0.25623505    0.23676426    0.23915128    0.24081623    0.24399579    0.19229327    0.19451871    0.10893741    0.11152947    0.00401107    0.00000000    0.21492788    0.23748877    0.15785659    0.15964987    0.16733596    0.15263426    0.12760987    0.16532982    0.17311124    0.16846786    0.17385918    0.19278694
T4             0.24269964    0.35473280    0.32779313    0.33377602    0.33850025    0.34239645    0.29398897    0.30723662    0.23328556    0.23354915    0.21520153    0.21492788    0.00000000    0.25684842    0.22328547    0.22799128    0.23648199    0.22328547    0.22222702    0.24452050    0.25020597    0.23915128    0.25109334    0.24399579
T8             0.30054244    0.41708332    0.37083758    0.37713169    0.40478485    0.40545382    0.34703236    0.34569419    0.28073500    0.28444021    0.23788102    0.23748877    0.25684842    0.00000000    0.29022729    0.28490910    0.28118241    0.27702321    0.27284763    0.28398222    0.28353515    0.28164065    0.28490910    0.31597473
T0             0.20013726    0.30004067    0.27308770    0.27866126    0.29278862    0.28994067    0.22222258    0.23039975    0.16958173    0.17244065    0.15808016    0.15785659    0.22328547    0.29022729    0.00000000    0.03924430    0.04565677    0.03736218    0.17360131    0.20297040    0.20551330    0.20074497    0.20645988    0.21779348
T14            0.19903079    0.29244751    0.26919611    0.27475342    0.28883999    0.28600021    0.21807537    0.22911700    0.16626091    0.16903636    0.15984691    0.15964987    0.22799128    0.28490910    0.03924430    0.00000000    0.01008404    0.02236484    0.16998868    0.20183216    0.20437979    0.19956580    0.20521610    0.21676212
T21            0.20720491    0.29621637    0.27270409    0.27827933    0.29241134    0.28956240    0.22649018    0.23767146    0.17166811    0.17450084    0.16754531    0.16733596    0.23648199    0.28118241    0.04565677    0.01008404    0.00000000    0.02859728    0.17780302    0.21004608    0.21261909    0.20776927    0.21350054    0.22510084
T6             0.19173295    0.27388727    0.25444983    0.25990687    0.27063050    0.27094881    0.21062669    0.22157508    0.15910947    0.16188546    0.15284414    0.15263426    0.22328547    0.27702321    0.03736218    0.02236484    0.02859728    0.00000000    0.16290490    0.19451871    0.19703774    0.19229327    0.19791183    0.20924550
T5             0.11548488    0.23767146    0.21913766    0.22438557    0.23768130    0.23500171    0.17827038    0.18322355    0.14885212    0.15411280    0.12777113    0.12760987    0.22222702    0.27284763    0.17360131    0.16998868    0.17780302    0.16290490    0.00000000    0.08982561    0.09909487    0.09004547    0.09474053    0.14632033
T10            0.14253383    0.26368190    0.24425295    0.24966682    0.26641842    0.26364341    0.19599900    0.21234412    0.19300707    0.19877701    0.16555762    0.16532982    0.24452050    0.28398222    0.20297040    0.20183216    0.21004608    0.19451871    0.08982561    0.00000000    0.02650521    0.01620793    0.02034022    0.16366335
T18            0.15004341    0.27586904    0.25593780    0.26142682    0.27843646    0.27562206    0.20411955    0.22357444    0.19553441    0.20131818    0.17335199    0.17311124    0.25020597    0.28353515    0.20551330    0.20437979    0.21261909    0.19703774    0.09909487    0.02650521    0.00000000    0.01414122    0.01824804    0.17133446
T9             0.14549558    0.27071225    0.25078711    0.25623075    0.27311365    0.27032319    0.19650018    0.21577734    0.19624503    0.20210297    0.16871967    0.16846786    0.23915128    0.28164065    0.20074497    0.19956580    0.20776927    0.19229327    0.09004547    0.01620793    0.01414122    0.00000000    0.00806471    0.16658459
T3             0.15067733    0.27708259    0.25684842    0.26232903    0.27934494    0.27653512    0.19929373    0.22157508    0.20183216    0.20776927    0.17412557    0.17385918    0.25109334    0.28490910    0.20645988    0.20521610    0.21350054    0.19791183    0.09474053    0.02034022    0.01824804    0.00806471    0.00000000    0.17184813
T12            0.14915100    0.28600021    0.25463332    0.26314324    0.27714968    0.27432571    0.24269964    0.23676426    0.21913766    0.22222702    0.19300707    0.19278694    0.24399579    0.31597473    0.21779348    0.21676212    0.22510084    0.20924550    0.14632033    0.16366335    0.17133446    0.16658459    0.17184813    0.00000000

