24
T5             0.00000000    0.33819284    0.33629410    0.33674992    0.28916442    0.25682827    0.30012414    0.28591227    0.28032834    0.27788968    0.29096730    0.26678960    0.24477328    0.23858882    0.29451082    0.28880400    0.31713356    0.32008102    0.31127461    0.31086253    0.27752531    0.28788674    0.30588814    0.28032834
T18            0.33819284    0.00000000    0.06498066    0.05840694    0.14421613    0.13763746    0.17904460    0.15616432    0.15964614    0.14200389    0.15635568    0.23618513    0.19235472    0.19450653    0.24421977    0.24477328    0.24153138    0.24421977    0.23618513    0.25317962    0.23174456    0.24133094    0.24902581    0.23035148
T14            0.33629410    0.06498066    0.00000000    0.04330659    0.14870037    0.14965935    0.18896544    0.16579959    0.16674881    0.14675491    0.15606355    0.23566350    0.19469110    0.19687623    0.25561849    0.25317962    0.25534243    0.25808145    0.24989607    0.24665870    0.23115768    0.24065142    0.24600303    0.23912772
T23            0.33674992    0.05840694    0.04330659    0.00000000    0.15138472    0.14471816    0.18151182    0.16337842    0.15909919    0.14437534    0.15620537    0.23833462    0.20272886    0.20491201    0.26443819    0.26198740    0.26414518    0.26691332    0.25864117    0.25534243    0.23970706    0.24936785    0.25715695    0.24421977
T22            0.28916442    0.14421613    0.14870037    0.15138472    0.00000000    0.09921651    0.13295658    0.10910076    0.11041712    0.09662609    0.11241605    0.20234267    0.14833324    0.15305583    0.20456772    0.20216377    0.22150279    0.22413065    0.21627647    0.22458521    0.19197274    0.20059977    0.21086775    0.19960197
T9             0.25682827    0.13763746    0.14965935    0.14471816    0.09921651    0.00000000    0.06519413    0.05449837    0.06276311    0.08099286    0.09409820    0.19805610    0.14154552    0.14366127    0.19197274    0.18963635    0.21390692    0.21650389    0.20874159    0.20617309    0.18547417    0.18870392    0.20437543    0.18174441
T10            0.30012414    0.17904460    0.18896544    0.18151182    0.13295658    0.06519413    0.00000000    0.05662417    0.08298637    0.11380826    0.12484345    0.23438883    0.17202765    0.17411939    0.21911051    0.21674097    0.26022614    0.26296668    0.25477638    0.25443626    0.21548155    0.21319887    0.21206843    0.21465148
T0             0.28591227    0.15616432    0.16579959    0.16337842    0.10910076    0.05449837    0.05662417    0.00000000    0.06735355    0.09770386    0.10850554    0.21261489    0.15205038    0.15410352    0.20898325    0.20666869    0.22299380    0.22561246    0.21778534    0.21750990    0.18322222    0.19201477    0.19095583    0.19852337
T3             0.28032834    0.15964614    0.16674881    0.15909919    0.11041712    0.06276311    0.08298637    0.06735355    0.00000000    0.10371979    0.11480313    0.21627647    0.15085275    0.15558169    0.21285816    0.21045428    0.23541785    0.23809062    0.23010264    0.23275522    0.19783626    0.20666869    0.20293609    0.20509850
T20            0.27788968    0.14200389    0.14675491    0.14437534    0.09662609    0.08099286    0.11380826    0.09770386    0.10371979    0.00000000    0.04334329    0.20593932    0.14883949    0.15097311    0.19162763    0.19469110    0.20593932    0.20850937    0.20361394    0.21180932    0.19047994    0.20210307    0.21233696    0.17907686
T15            0.29096730    0.15635568    0.15606355    0.15620537    0.11241605    0.09409820    0.12484345    0.10850554    0.11480313    0.04334329    0.00000000    0.22108425    0.15548275    0.16027706    0.21773660    0.21528545    0.22108425    0.22371580    0.21866877    0.22698898    0.20807335    0.22272095    0.23325979    0.18109655
T1             0.26678960    0.23618513    0.23566350    0.23833462    0.20234267    0.19805610    0.23438883    0.21261489    0.21627647    0.20593932    0.22108425    0.00000000    0.12993632    0.12239189    0.17243611    0.17020425    0.19997301    0.20253104    0.19488492    0.20293609    0.18502824    0.19095583    0.20666869    0.18253572
T8             0.24477328    0.19235472    0.19469110    0.20272886    0.14833324    0.14154552    0.17202765    0.15205038    0.15085275    0.14883949    0.15548275    0.12993632    0.00000000    0.01414107    0.11510860    0.11293478    0.16885453    0.17131495    0.16395972    0.17165385    0.15187153    0.15743401    0.16977560    0.13630439
T19            0.23858882    0.19450653    0.19687623    0.20491201    0.15305583    0.14366127    0.17411939    0.15410352    0.15558169    0.15097311    0.16027706    0.12239189    0.01414107    0.00000000    0.11260048    0.11041712    0.17131495    0.17378413    0.16640281    0.16919701    0.15394299    0.15945541    0.17183640    0.13128161
T11            0.29451082    0.24421977    0.25561849    0.26443819    0.20456772    0.19197274    0.21911051    0.20898325    0.21285816    0.19162763    0.21773660    0.17243611    0.11510860    0.11260048    0.00000000    0.01415454    0.21605875    0.21866877    0.21086775    0.21627647    0.19215914    0.19805610    0.20828661    0.18693270
T21            0.28880400    0.24477328    0.25317962    0.26198740    0.20216377    0.18963635    0.21674097    0.20666869    0.21045428    0.19469110    0.21528545    0.17020425    0.11293478    0.11041712    0.01415454    0.00000000    0.21086775    0.21345843    0.20571495    0.21108886    0.18712265    0.19299626    0.20315270    0.18192886
T7             0.31713356    0.24153138    0.25534243    0.26414518    0.22150279    0.21390692    0.26022614    0.22299380    0.23541785    0.20593932    0.22108425    0.19997301    0.16885453    0.17131495    0.21605875    0.21086775    0.00000000    0.00200301    0.01007280    0.03485700    0.15444964    0.16754372    0.18275574    0.17183640
T2             0.32008102    0.24421977    0.25808145    0.26691332    0.22413065    0.21650389    0.26296668    0.22561246    0.23809062    0.20850937    0.22371580    0.20253104    0.17131495    0.17378413    0.21866877    0.21345843    0.00200301    0.00000000    0.01210021    0.03694619    0.15685719    0.16998565    0.18524676    0.17430022
T13            0.31127461    0.23618513    0.24989607    0.25864117    0.21627647    0.20874159    0.25477638    0.21778534    0.23010264    0.20361394    0.21866877    0.19488492    0.16395972    0.16640281    0.21086775    0.20571495    0.01007280    0.01210021    0.00000000    0.02650489    0.14709447    0.16005270    0.17511087    0.16693472
T6             0.31086253    0.25317962    0.24665870    0.25534243    0.22458521    0.20617309    0.25443626    0.21750990    0.23275522    0.21180932    0.22698898    0.20293609    0.17165385    0.16919701    0.21627647    0.21108886    0.03485700    0.03694619    0.02650489    0.00000000    0.14947891    0.16247081    0.17757710    0.17468814
T16            0.27752531    0.23174456    0.23115768    0.23970706    0.19197274    0.18547417    0.21548155    0.18322222    0.19783626    0.19047994    0.20807335    0.18502824    0.15187153    0.15394299    0.19215914    0.18712265    0.15444964    0.15685719    0.14709447    0.14947891    0.00000000    0.03924498    0.04982341    0.13917696
T12            0.28788674    0.24133094    0.24065142    0.24936785    0.20059977    0.18870392    0.21319887    0.19201477    0.20666869    0.20210307    0.22272095    0.19095583    0.15743401    0.15945541    0.19805610    0.19299626    0.16754372    0.16998565    0.16005270    0.16247081    0.03924498    0.00000000    0.03073350    0.14965935
T4             0.30588814    0.24902581    0.24600303    0.25715695    0.21086775    0.20437543    0.21206843    0.19095583    0.20293609    0.21233696    0.23325979    0.20666869    0.16977560    0.17183640    0.20828661    0.20315270    0.18275574    0.18524676    0.17511087    0.17757710    0.04982341    0.03073350    0.00000000    0.15927309
T17            0.28032834    0.23035148    0.23912772    0.24421977    0.19960197    0.18174441    0.21465148    0.19852337    0.20509850    0.17907686    0.18109655    0.18253572    0.13630439    0.13128161    0.18693270    0.18192886    0.17183640    0.17430022    0.16693472    0.17468814    0.13917696    0.14965935    0.15927309    0.00000000

