24
T20            0.00000000    0.61950680    0.60866067    0.60866067    0.60549986    0.62822075    0.62385103    0.60237880    0.60662403    0.65769607    0.70285433    0.68532806    0.65489555    0.65353678    0.67758613    0.67758613    0.66541649    0.66861638    0.66518609    0.62251630    0.57419313    0.59284977    0.60866067    0.60125924
T1             0.61950680    0.00000000    0.01617895    0.02029443    0.10427771    0.12315614    0.11349687    0.09922369    0.10147173    0.27622469    0.27968460    0.27375048    0.27687897    0.27968460    0.28284279    0.28284279    0.34839933    0.36801511    0.30885527    0.28080959    0.26722135    0.27353826    0.28753994    0.28150859
T19            0.60866067    0.01617895    0.00000000    0.00401613    0.09474949    0.11334701    0.10385367    0.08983021    0.09205613    0.26390357    0.26724815    0.26142916    0.26448107    0.26724815    0.27032830    0.27032830    0.33429207    0.35349768    0.29567943    0.27118145    0.25789353    0.26409265    0.27794324    0.27200328
T10            0.60866067    0.02029443    0.00401613    0.00000000    0.09949085    0.11822746    0.10865196    0.09450483    0.09674171    0.27002608    0.27342760    0.26755177    0.27064149    0.27342760    0.27654629    0.27654629    0.33429207    0.34639443    0.29567943    0.27757951    0.26409265    0.27036980    0.28432047    0.27831998
T4             0.60549986    0.10427771    0.09474949    0.09949085    0.00000000    0.03073421    0.02238933    0.03488932    0.03697654    0.26755177    0.27408435    0.26510182    0.26203107    0.26478605    0.26786626    0.26786626    0.33527097    0.35198939    0.29647933    0.25629155    0.22564622    0.24336454    0.25448125    0.24873700
T11            0.62822075    0.12315614    0.11334701    0.11822746    0.03073421    0.00000000    0.01212509    0.04982503    0.05194847    0.29456574    0.30142708    0.29206694    0.28566952    0.28850750    0.29170615    0.29170615    0.36178390    0.37918745    0.32145658    0.28316624    0.25415026    0.26722135    0.27870767    0.27274922
T15            0.62385103    0.11349687    0.10385367    0.10865196    0.02238933    0.01212509    0.00000000    0.04124154    0.04334437    0.28850750    0.29529669    0.28602110    0.27968460    0.28250132    0.28566952    0.28566952    0.35505893    0.37228576    0.31512721    0.27714785    0.24841418    0.26684145    0.27831998    0.27237085
T2             0.60237880    0.09922369    0.08983021    0.09450483    0.03488932    0.04982503    0.04124154    0.00000000    0.00200301    0.27935313    0.28602110    0.27687897    0.27375048    0.27342760    0.27968460    0.27968460    0.33778165    0.35708761    0.30552853    0.26173568    0.24873700    0.24873700    0.25993379    0.25415026
T14            0.60662403    0.10147173    0.09205613    0.09674171    0.03697654    0.05194847    0.04334437    0.00200301    0.00000000    0.28217110    0.28566952    0.27654629    0.27654629    0.27622469    0.28250132    0.28250132    0.34080054    0.36018336    0.30842903    0.26447328    0.25143849    0.25143849    0.26267577    0.25687239
T3             0.65769607    0.27622469    0.26390357    0.27002608    0.26755177    0.29456574    0.28850750    0.27935313    0.28217110    0.00000000    0.03697654    0.03277490    0.04541896    0.04753704    0.05185737    0.05185737    0.10123744    0.12485335    0.07387644    0.21839975    0.21495034    0.21495034    0.22800376    0.22827490
T9             0.70285433    0.27968460    0.26724815    0.27342760    0.27408435    0.30142708    0.29529669    0.28602110    0.28566952    0.03697654    0.00000000    0.00805157    0.05632573    0.05846546    0.06511899    0.06511899    0.11578127    0.14000406    0.08772093    0.23642391    0.22977787    0.22683374    0.24005147    0.24036742
T7             0.68532806    0.27375048    0.26142916    0.26755177    0.26510182    0.29206694    0.28602110    0.27687897    0.27654629    0.03277490    0.00805157    0.00000000    0.04982503    0.05194847    0.05852886    0.05852886    0.10865196    0.13261100    0.08089053    0.22782604    0.22130108    0.22421938    0.23738821    0.23770525
T17            0.65489555    0.27687897    0.26448107    0.27064149    0.26203107    0.28566952    0.27968460    0.27375048    0.27654629    0.04541896    0.05632573    0.04982503    0.00000000    0.00200301    0.01417440    0.01417440    0.10385367    0.12762076    0.07631238    0.22193760    0.21839975    0.21839975    0.23148266    0.23178211
T0             0.65353678    0.27968460    0.26724815    0.27342760    0.26478605    0.28850750    0.28250132    0.27342760    0.27622469    0.04753704    0.05846546    0.05194847    0.00200301    0.00000000    0.01620820    0.01620820    0.10372713    0.12746526    0.07850101    0.22454147    0.22099713    0.22099713    0.23412842    0.23442669
T22            0.67758613    0.28284279    0.27032830    0.27654629    0.26786626    0.29170615    0.28566952    0.27968460    0.28250132    0.05185737    0.06511899    0.05852886    0.01417440    0.01620820    0.00000000    0.00401613    0.11092459    0.13495064    0.08308967    0.22748564    0.22390690    0.22390690    0.23708115    0.23738821
T6             0.67758613    0.28284279    0.27032830    0.27654629    0.26786626    0.29170615    0.28566952    0.27968460    0.28250132    0.05185737    0.06511899    0.05852886    0.01417440    0.01620820    0.00401613    0.00000000    0.11092459    0.13244301    0.08308967    0.22748564    0.22390690    0.22390690    0.23708115    0.23738821
T13            0.66541649    0.34839933    0.33429207    0.33429207    0.33527097    0.36178390    0.35505893    0.33778165    0.34080054    0.10123744    0.11578127    0.10865196    0.10385367    0.10372713    0.11092459    0.11092459    0.00000000    0.05626720    0.04128691    0.29062730    0.28968974    0.27993621    0.28753994    0.28150859
T5             0.66861638    0.36801511    0.35349768    0.34639443    0.35198939    0.37918745    0.37228576    0.35708761    0.36018336    0.12485335    0.14000406    0.13261100    0.12762076    0.12746526    0.13495064    0.13244301    0.05626720    0.00000000    0.06304462    0.31905079    0.30777920    0.30777920    0.31650954    0.30929327
T16            0.66518609    0.30885527    0.29567943    0.29567943    0.29647933    0.32145658    0.31512721    0.30552853    0.30842903    0.07387644    0.08772093    0.08089053    0.07631238    0.07850101    0.08308967    0.08308967    0.04128691    0.06304462    0.00000000    0.26653380    0.26252965    0.25629155    0.26372256    0.26409265
T23            0.62251630    0.28080959    0.27118145    0.27757951    0.25629155    0.28316624    0.27714785    0.26173568    0.26447328    0.21839975    0.23642391    0.22782604    0.22193760    0.22454147    0.22748564    0.22748564    0.29062730    0.31905079    0.26653380    0.00000000    0.06511899    0.05846546    0.07149937    0.07155796
T18            0.57419313    0.26722135    0.25789353    0.26409265    0.22564622    0.25415026    0.24841418    0.24873700    0.25143849    0.21495034    0.22977787    0.22130108    0.21839975    0.22099713    0.22390690    0.22390690    0.28968974    0.30777920    0.26252965    0.06511899    0.00000000    0.04559803    0.05840887    0.05626720
T21            0.59284977    0.27353826    0.26409265    0.27036980    0.24336454    0.26722135    0.26684145    0.24873700    0.25143849    0.21495034    0.22683374    0.22421938    0.21839975    0.22099713    0.22390690    0.22390690    0.27993621    0.30777920    0.25629155    0.05846546    0.04559803    0.00000000    0.03069860    0.02862870
T12            0.60866067    0.28753994    0.27794324    0.28432047    0.25448125    0.27870767    0.27831998    0.25993379    0.26267577    0.22800376    0.24005147    0.23738821    0.23148266    0.23412842    0.23708115    0.23708115    0.28753994    0.31650954    0.26372256    0.07149937    0.05840887    0.03069860    0.00000000    0.01824820
T8             0.60125924    0.28150859    0.27200328    0.27831998    0.24873700    0.27274922    0.27237085    0.25415026    0.25687239    0.22827490    0.24036742    0.23770525    0.23178211    0.23442669    0.23738821    0.23738821    0.28150859    0.30929327    0.26409265    0.07155796    0.05626720    0.02862870    0.01824820    0.00000000

