24
T2             0.00000000    0.28314087    0.30592808    0.24570494    0.24302289    0.25142084    0.34028489    0.24479574    0.27311593    0.27868482    0.28072377    0.32781333    0.34531917    0.26133375    0.26484260    0.26484260    0.27074752    0.25588865    0.26484260    0.26840144    0.26265694    0.27476388    0.27272732    0.27966410
T16            0.28314087    0.00000000    0.10638331    0.09643272    0.13668276    0.13891461    0.26334326    0.16939193    0.19203242    0.20553981    0.21035197    0.24003536    0.28123614    0.18925272    0.18622515    0.19175375    0.20269678    0.17879382    0.18676047    0.18982101    0.20466598    0.20721993    0.20240444    0.21416255
T9             0.30592808    0.10638331    0.00000000    0.11765285    0.14899468    0.15124660    0.28072377    0.19553612    0.20721993    0.21809052    0.21726232    0.25926900    0.31162749    0.21006288    0.21263418    0.21263418    0.22681840    0.20212120    0.20466598    0.20779107    0.20875776    0.22274017    0.21493750    0.23620575
T13            0.24570494    0.09643272    0.11765285    0.00000000    0.10304907    0.10526142    0.20572992    0.13394993    0.14618116    0.15863639    0.16337190    0.20788368    0.22591436    0.15411213    0.15652311    0.15652311    0.16939193    0.14676294    0.15170949    0.15445902    0.16625176    0.17166419    0.16658127    0.17833357
T6             0.24302289    0.13668276    0.14899468    0.10304907    0.00000000    0.01415463    0.20084255    0.13904512    0.15652311    0.16658127    0.17132448    0.21088296    0.23737226    0.15686664    0.16188809    0.16188809    0.17758988    0.15464495    0.15445902    0.15724369    0.15097993    0.16106799    0.15379873    0.17846628
T0             0.25142084    0.13891461    0.15124660    0.10526142    0.01415463    0.00000000    0.20316754    0.14128700    0.15878519    0.16886398    0.17363900    0.20768902    0.24570494    0.15910832    0.16413986    0.16413986    0.17985171    0.15686664    0.15669067    0.15946535    0.15327334    0.16337190    0.15607116    0.17559786
T18            0.34028489    0.26334326    0.28072377    0.20572992    0.20084255    0.20316754    0.00000000    0.17490737    0.24128881    0.24667931    0.25186491    0.27870463    0.33378962    0.25991515    0.25958679    0.25958679    0.28429719    0.25752378    0.25413244    0.25446298    0.24808502    0.25622694    0.25048807    0.28215085
T12            0.24479574    0.16939193    0.19553612    0.13394993    0.13904512    0.14128700    0.17490737    0.00000000    0.16396901    0.17412982    0.17891868    0.21607421    0.24211003    0.16920727    0.17431107    0.17431107    0.18483122    0.16431928    0.16939193    0.17223921    0.17132448    0.17643359    0.17395737    0.19928008
T7             0.27311593    0.19203242    0.20721993    0.14618116    0.15652311    0.15878519    0.24128881    0.16396901    0.00000000    0.02236485    0.02647082    0.15379873    0.17289210    0.10825716    0.11293957    0.10814178    0.12746082    0.10611160    0.11078477    0.11334324    0.12704196    0.12691811    0.11995750    0.14857636
T1             0.27868482    0.20553981    0.21809052    0.15863639    0.16658127    0.16886398    0.24667931    0.17412982    0.02236485    0.00000000    0.01210025    0.16380676    0.18822218    0.12008682    0.12484932    0.11995750    0.13964835    0.11792272    0.12267582    0.12529679    0.13918378    0.13904512    0.13198216    0.16106799
T11            0.28072377    0.21035197    0.21726232    0.16337190    0.17132448    0.17363900    0.25186491    0.17891868    0.02647082    0.01210025    0.00000000    0.16595703    0.19301065    0.12459008    0.12937602    0.12447226    0.14422374    0.12239741    0.12717371    0.12978958    0.14379426    0.14366759    0.13655037    0.16582278
T21            0.32781333    0.24003536    0.25926900    0.20788368    0.21088296    0.20768902    0.27870463    0.21607421    0.15379873    0.16380676    0.16595703    0.00000000    0.19072821    0.15928261    0.16431928    0.16431928    0.18006490    0.15705099    0.14915077    0.15445902    0.16920727    0.17431107    0.16958524    0.19706176
T5             0.34531917    0.28123614    0.31162749    0.22591436    0.23737226    0.24570494    0.33378962    0.24211003    0.17289210    0.18822218    0.19301065    0.19072821    0.00000000    0.18648842    0.18898179    0.18898179    0.19986987    0.17879382    0.17853572    0.18427695    0.20523937    0.20779107    0.20016325    0.21700540
T22            0.26133375    0.18925272    0.21006288    0.15411213    0.15686664    0.15910832    0.25991515    0.16920727    0.10825716    0.12008682    0.12459008    0.15928261    0.18648842    0.00000000    0.01619039    0.01619039    0.03066920    0.01210956    0.02238918    0.02450766    0.08760932    0.08060878    0.07403744    0.11523069
T17            0.26484260    0.18622515    0.21263418    0.15652311    0.16188809    0.16413986    0.25958679    0.17431107    0.11293957    0.12484932    0.12937602    0.16431928    0.18898179    0.01619039    0.00000000    0.00401612    0.03485737    0.01619039    0.02653184    0.02866595    0.09215968    0.08510750    0.07849932    0.11995750
T19            0.26484260    0.19175375    0.21263418    0.15652311    0.16188809    0.16413986    0.25958679    0.17431107    0.10814178    0.11995750    0.12447226    0.16431928    0.18898179    0.01619039    0.00401612    0.00000000    0.03485737    0.01619039    0.02653184    0.02866595    0.09215968    0.08510750    0.07849932    0.11995750
T10            0.27074752    0.20269678    0.22681840    0.16939193    0.17758988    0.17985171    0.28429719    0.18483122    0.12746082    0.13964835    0.14422374    0.18006490    0.19986987    0.03066920    0.03485737    0.03485737    0.00000000    0.01823238    0.03919207    0.04139664    0.10385056    0.09662964    0.08993557    0.13462100
T3             0.25588865    0.17879382    0.20212120    0.14676294    0.15464495    0.15686664    0.25752378    0.16431928    0.10611160    0.11792272    0.12239741    0.15705099    0.17879382    0.01210956    0.01619039    0.01619039    0.01823238    0.00000000    0.02037316    0.02249979    0.08550884    0.07849932    0.07195440    0.11306654
T4             0.26484260    0.18676047    0.20466598    0.15170949    0.15445902    0.15669067    0.25413244    0.16939193    0.11078477    0.12267582    0.12717371    0.14915077    0.17853572    0.02238918    0.02653184    0.02653184    0.03919207    0.02037316    0.00000000    0.01008414    0.08539779    0.07841129    0.07186097    0.11293957
T20            0.26840144    0.18982101    0.20779107    0.15445902    0.15724369    0.15946535    0.25446298    0.17223921    0.11334324    0.12529679    0.12978958    0.15445902    0.18427695    0.02450766    0.02866595    0.02866595    0.04139664    0.02249979    0.01008414    0.00000000    0.08783511    0.07622086    0.06969141    0.11548872
T8             0.26265694    0.20466598    0.20875776    0.16625176    0.15097993    0.15327334    0.24808502    0.17132448    0.12704196    0.13918378    0.14379426    0.16920727    0.20523937    0.08760932    0.09215968    0.09215968    0.10385056    0.08550884    0.08539779    0.08783511    0.00000000    0.03919207    0.03722172    0.10123479
T23            0.27476388    0.20721993    0.22274017    0.17166419    0.16106799    0.16337190    0.25622694    0.17643359    0.12691811    0.13904512    0.14366759    0.17431107    0.20779107    0.08060878    0.08510750    0.08510750    0.09662964    0.07849932    0.07841129    0.07622086    0.03919207    0.00000000    0.01414113    0.10586975
T15            0.27272732    0.20240444    0.21493750    0.16658127    0.15379873    0.15607116    0.25048807    0.17395737    0.11995750    0.13198216    0.13655037    0.16958524    0.20016325    0.07403744    0.07849932    0.07849932    0.08993557    0.07195440    0.07186097    0.06969141    0.03722172    0.01414113    0.00000000    0.09909837
T14            0.27966410    0.21416255    0.23620575    0.17833357    0.17846628    0.17559786    0.28215085    0.19928008    0.14857636    0.16106799    0.16582278    0.19706176    0.21700540    0.11523069    0.11995750    0.11995750    0.13462100    0.11306654    0.11293957    0.11548872    0.10123479    0.10586975    0.09909837    0.00000000

