24
T7             0.00000000    0.46099477    0.45645171    0.46263348    0.49130725    0.41147840    0.40751476    0.41547400    0.41147840    0.41880570    0.49130725    0.43178667    0.44783524    0.26326244    0.26291848    0.26087460    0.27467864    0.27467864    0.27511802    0.27556827    0.27928722    0.26195165    0.26361720    0.26087460
T10            0.46099477    0.00000000    0.09442415    0.10590952    0.10106398    0.13468772    0.13719857    0.13719857    0.13468772    0.13453502    0.20354261    0.14225878    0.15454793    0.43752845    0.43673126    0.42817069    0.42321675    0.42736363    0.42244280    0.41502570    0.43982332    0.42889273    0.43518517    0.43178667
T14            0.45645171    0.09442415    0.00000000    0.03493191    0.09219225    0.12552729    0.12552729    0.12801949    0.12552729    0.12535997    0.20201104    0.14067208    0.15295983    0.42736363    0.42657223    0.41402463    0.41987647    0.41171882    0.41502570    0.40115250    0.44326566    0.45049814    0.45296313    0.44949094
T15            0.46263348    0.10590952    0.03493191    0.00000000    0.10842433    0.13754115    0.13754115    0.14007783    0.13754115    0.13736581    0.21539760    0.14776677    0.16016816    0.46796314    0.46703172    0.45392054    0.45300138    0.42994305    0.43752845    0.43154551    0.46373183    0.47860847    0.48133262    0.47773145
T3             0.49130725    0.10106398    0.09219225    0.10842433    0.00000000    0.12737248    0.12985198    0.12985198    0.12737248    0.12970386    0.19821175    0.14499535    0.15734000    0.42994305    0.42916552    0.42321675    0.42503640    0.42503640    0.42021399    0.39836391    0.47442649    0.46889117    0.47590321    0.47680844
T19            0.41147840    0.13468772    0.12552729    0.13754115    0.12737248    0.00000000    0.00603663    0.00603663    0.00401624    0.01008461    0.11757676    0.06306028    0.07405866    0.37404294    0.37343030    0.36155362    0.36716010    0.36716010    0.35919279    0.33923331    0.39730410    0.41950209    0.39770351    0.40229666
T23            0.40751476    0.13719857    0.12552729    0.13754115    0.12985198    0.00603663    0.00000000    0.00806530    0.00603663    0.01212578    0.12000759    0.06529950    0.07633373    0.37782609    0.37719893    0.36528037    0.37090054    0.37090054    0.36286380    0.34278622    0.39349347    0.41547400    0.39381718    0.39836391
T18            0.41547400    0.13719857    0.12801949    0.14007783    0.12985198    0.00603663    0.00806530    0.00000000    0.00200405    0.01212578    0.12000759    0.06529950    0.07633373    0.37782609    0.37719893    0.36528037    0.36716010    0.36716010    0.35919279    0.33923331    0.40114428    0.42356320    0.40162057    0.40626088
T17            0.41147840    0.13468772    0.12552729    0.13754115    0.12737248    0.00401624    0.00603663    0.00200405    0.00000000    0.01008461    0.11757676    0.06306028    0.07405866    0.37404294    0.37343030    0.36155362    0.36716010    0.36716010    0.35919279    0.33923331    0.39730410    0.41950209    0.39770351    0.40229666
T16            0.41880570    0.13453502    0.12535997    0.13736581    0.12970386    0.01008461    0.01212578    0.01212578    0.01008461    0.00000000    0.12476965    0.06971190    0.08081355    0.38099644    0.38036861    0.36839669    0.37404294    0.37404294    0.36597797    0.34582181    0.40442729    0.41880570    0.40489178    0.40954885
T6             0.49130725    0.20354261    0.20201104    0.21539760    0.19821175    0.11757676    0.12000759    0.12000759    0.11757676    0.12476965    0.00000000    0.08763919    0.09901932    0.43255003    0.43178667    0.42168435    0.43178667    0.43595017    0.42692775    0.39318681    0.46855412    0.46889117    0.46533983    0.47057307
T5             0.43178667    0.14225878    0.14067208    0.14776677    0.14499535    0.06306028    0.06529950    0.06529950    0.06306028    0.06971190    0.08763919    0.00000000    0.01824930    0.38548018    0.38482329    0.37152634    0.38229433    0.37466943    0.37404294    0.34278622    0.40891509    0.41147840    0.40954885    0.41428577
T22            0.44783524    0.15454793    0.15295983    0.16016816    0.15734000    0.07405866    0.07633373    0.07633373    0.07405866    0.08081355    0.09901932    0.01824930    0.00000000    0.40043332    0.39972882    0.38615125    0.39718770    0.38935202    0.38867993    0.36404510    0.41617553    0.42285008    0.42503640    0.42994305
T13            0.26326244    0.43752845    0.42736363    0.46796314    0.42994305    0.37404294    0.37782609    0.37782609    0.37404294    0.38099644    0.43255003    0.38548018    0.40043332    0.00000000    0.00401110    0.01617533    0.15754434    0.15233801    0.15734000    0.12985198    0.24934588    0.25471622    0.24293415    0.24025861
T4             0.26291848    0.43673126    0.42657223    0.46703172    0.42916552    0.37343030    0.37719893    0.37719893    0.37343030    0.38036861    0.43178667    0.38482329    0.39972882    0.00401110    0.00000000    0.02027309    0.16258756    0.15734000    0.16237770    0.13468772    0.25505729    0.26051887    0.24863345    0.24593870
T1             0.26087460    0.42817069    0.41402463    0.45392054    0.42321675    0.36155362    0.36528037    0.36528037    0.36155362    0.36839669    0.42168435    0.37152634    0.38615125    0.01617533    0.02027309    0.00000000    0.15233801    0.14718583    0.15214744    0.12490533    0.23806022    0.24325416    0.23167339    0.22903536
T8             0.27467864    0.42321675    0.41987647    0.45300138    0.42503640    0.36716010    0.37090054    0.36716010    0.36716010    0.37404294    0.43178667    0.38229433    0.39718770    0.15754434    0.16258756    0.15233801    0.00000000    0.03925303    0.04350218    0.09008417    0.24771184    0.25270953    0.24160424    0.23894265
T21            0.27467864    0.42736363    0.41171882    0.42994305    0.42503640    0.36716010    0.37090054    0.36716010    0.36716010    0.37404294    0.43595017    0.37466943    0.38935202    0.15233801    0.15734000    0.14718583    0.03925303    0.00000000    0.02447523    0.08081355    0.23880697    0.24358445    0.22671377    0.22409639
T0             0.27511802    0.42244280    0.41502570    0.43752845    0.42021399    0.35919279    0.36286380    0.35919279    0.35919279    0.36597797    0.42692775    0.37404294    0.38867993    0.15734000    0.16237770    0.15214744    0.04350218    0.02447523    0.00000000    0.08071884    0.23562331    0.24025861    0.22117979    0.21858052
T9             0.27556827    0.41502570    0.40115250    0.43154551    0.39836391    0.33923331    0.34278622    0.33923331    0.33923331    0.34582181    0.39318681    0.34278622    0.36404510    0.12985198    0.13468772    0.12490533    0.09008417    0.08081355    0.08071884    0.00000000    0.23109491    0.23593759    0.22507828    0.22247336
T12            0.27928722    0.43982332    0.44326566    0.46373183    0.47442649    0.39730410    0.39349347    0.40114428    0.39730410    0.40442729    0.46855412    0.40891509    0.41617553    0.24934588    0.25505729    0.23806022    0.24771184    0.23880697    0.23562331    0.23109491    0.00000000    0.11230085    0.10074049    0.10067884
T2             0.26195165    0.42889273    0.45049814    0.47860847    0.46889117    0.41950209    0.41547400    0.42356320    0.41950209    0.41880570    0.46889117    0.41147840    0.42285008    0.25471622    0.26051887    0.24325416    0.25270953    0.24358445    0.24025861    0.23593759    0.11230085    0.00000000    0.09871376    0.09646336
T11            0.26361720    0.43518517    0.45296313    0.48133262    0.47590321    0.39770351    0.39381718    0.40162057    0.39770351    0.40489178    0.46533983    0.40954885    0.42503640    0.24293415    0.24863345    0.23167339    0.24160424    0.22671377    0.22117979    0.22507828    0.10074049    0.09871376    0.00000000    0.01008461
T20            0.26087460    0.43178667    0.44949094    0.47773145    0.47680844    0.40229666    0.39836391    0.40626088    0.40229666    0.40954885    0.47057307    0.41428577    0.42994305    0.24025861    0.24593870    0.22903536    0.23894265    0.22409639    0.21858052    0.22247336    0.10067884    0.09646336    0.01008461    0.00000000

