24
T12            0.00000000    0.31218304    0.31218304    0.31218304    0.31614693    0.32017140    0.31270100    0.34398096    0.33614241    0.35992609    0.34460268    0.38632491    0.35925155    0.32606378    0.37094157    0.35127654    0.19726957    0.20354697    0.21377626    0.18724155    0.19002908    0.18917454    0.19253055    0.17624590
T17            0.31218304    0.00000000    0.00401626    0.14959677    0.13206282    0.14228163    0.14210946    0.17281790    0.16240776    0.26645552    0.27950081    0.31098077    0.28034589    0.24332434    0.27659598    0.26025483    0.34347664    0.34578037    0.35318751    0.34461404    0.34829042    0.34638857    0.35745803    0.34700964
T0             0.31218304    0.00401626    0.00000000    0.14959677    0.13206282    0.14228163    0.14210946    0.17281790    0.16240776    0.26645552    0.27950081    0.31098077    0.28034589    0.24332434    0.27659598    0.26025483    0.34347664    0.34578037    0.35318751    0.34461404    0.34829042    0.34638857    0.35745803    0.34700964
T19            0.31218304    0.14959677    0.14959677    0.00000000    0.07616475    0.09454704    0.09209417    0.10377706    0.09914708    0.27909501    0.28685301    0.31181089    0.29344686    0.25858981    0.29544788    0.27590474    0.33743775    0.33973837    0.35069331    0.35068575    0.35438938    0.35005094    0.36497770    0.36948754
T15            0.31614693    0.13206282    0.13206282    0.07616475    0.00000000    0.08764765    0.08523136    0.09940341    0.09009319    0.26208842    0.26967863    0.30064434    0.28169686    0.24739062    0.28365307    0.26444294    0.30352676    0.30538603    0.31361713    0.31668898    0.32017140    0.32550877    0.33374602    0.33796099
T5             0.32017140    0.14228163    0.14228163    0.09454704    0.08764765    0.00000000    0.01008473    0.04777914    0.03920019    0.26719622    0.28123545    0.29609817    0.28778608    0.25008310    0.28978687    0.27351611    0.34215836    0.34962266    0.35187290    0.34829042    0.35199432    0.35005094    0.36257147    0.35948637
T21            0.31270100    0.14210946    0.14210946    0.09209417    0.08523136    0.01008473    0.00000000    0.04555279    0.03701880    0.26370046    0.27434135    0.29246686    0.29061092    0.25278580    0.29597657    0.27630012    0.32739928    0.33435153    0.34764161    0.34034524    0.34398096    0.34215836    0.35068575    0.34398096
T23            0.34398096    0.17281790    0.17281790    0.10377706    0.09940341    0.04777914    0.04555279    0.00000000    0.00805189    0.29777345    0.31270100    0.32791078    0.32311162    0.28967832    0.32190704    0.31459289    0.37434743    0.38266829    0.38844555    0.37481967    0.37872842    0.36878083    0.38983073    0.38663980
T14            0.33614241    0.16240776    0.16240776    0.09914708    0.09009319    0.03920019    0.03701880    0.00805189    0.00000000    0.28512222    0.29963531    0.31474112    0.31668898    0.27712414    0.30852799    0.30155121    0.36608936    0.37407061    0.37997685    0.36637490    0.37020779    0.36053959    0.38112144    0.37796382
T6             0.35992609    0.26645552    0.26645552    0.27909501    0.26208842    0.26719622    0.26370046    0.29777345    0.28512222    0.00000000    0.05186777    0.08245154    0.23765989    0.20058191    0.23532639    0.22459917    0.35825394    0.35935520    0.37185033    0.34597136    0.34956628    0.35155604    0.36361469    0.35318751
T7             0.34460268    0.27950081    0.27950081    0.28685301    0.26967863    0.28123545    0.27434135    0.31270100    0.29963531    0.05186777    0.00000000    0.06272808    0.23937373    0.20460752    0.23709516    0.22588354    0.34293303    0.34764161    0.35263040    0.34157640    0.34518507    0.34347664    0.36674192    0.34882027
T18            0.38632491    0.31098077    0.31098077    0.31181089    0.30064434    0.29609817    0.29246686    0.32791078    0.31474112    0.08245154    0.06272808    0.00000000    0.26300132    0.22747427    0.26682042    0.25539651    0.38835097    0.39726005    0.40254140    0.38312460    0.38694051    0.37762190    0.39401588    0.38312460
T10            0.35925155    0.28034589    0.28034589    0.29344686    0.28169686    0.28778608    0.29061092    0.32311162    0.31668898    0.23765989    0.23937373    0.26300132    0.00000000    0.14210946    0.16572366    0.16165416    0.37107542    0.38773048    0.39811129    0.36740802    0.37121086    0.37681436    0.38207169    0.38279800
T13            0.32606378    0.24332434    0.24332434    0.25858981    0.24739062    0.25008310    0.25278580    0.28967832    0.27712414    0.20058191    0.20460752    0.22747427    0.14210946    0.00000000    0.06506605    0.06038798    0.33743775    0.34942911    0.37681436    0.31838708    0.32190704    0.32367851    0.32367851    0.32073787
T8             0.37094157    0.27659598    0.27659598    0.29544788    0.28365307    0.28978687    0.29597657    0.32190704    0.30852799    0.23532639    0.23709516    0.26682042    0.16572366    0.06506605    0.00000000    0.05196004    0.37647595    0.38584338    0.41509319    0.36546693    0.36933035    0.36709362    0.36327538    0.36018887
T11            0.35127654    0.26025483    0.26025483    0.27590474    0.26444294    0.27351611    0.27630012    0.31459289    0.30155121    0.22459917    0.22588354    0.25539651    0.16165416    0.06038798    0.05196004    0.00000000    0.34956628    0.35801681    0.38315307    0.34215836    0.34578037    0.35127654    0.34045091    0.33743775
T1             0.19726957    0.34347664    0.34347664    0.33743775    0.30352676    0.34215836    0.32739928    0.37434743    0.36608936    0.35825394    0.34293303    0.38835097    0.37107542    0.33743775    0.37647595    0.34956628    0.00000000    0.04542679    0.06048238    0.13942123    0.14194556    0.14150374    0.14465333    0.13470812
T3             0.20354697    0.34578037    0.34578037    0.33973837    0.30538603    0.34962266    0.33435153    0.38266829    0.37407061    0.35935520    0.34764161    0.39726005    0.38773048    0.34942911    0.38584338    0.35801681    0.04542679    0.00000000    0.06500067    0.13721976    0.13974422    0.13676701    0.15496165    0.14483212
T20            0.21377626    0.35318751    0.35318751    0.35069331    0.31361713    0.35187290    0.34764161    0.38844555    0.37997685    0.37185033    0.35263040    0.40254140    0.39811129    0.37681436    0.41509319    0.38315307    0.06048238    0.06500067    0.00000000    0.15439449    0.15698477    0.15647396    0.17527797    0.16483800
T9             0.18724155    0.34461404    0.34461404    0.35068575    0.31668898    0.34829042    0.34034524    0.37481967    0.36637490    0.34597136    0.34157640    0.38312460    0.36740802    0.31838708    0.36546693    0.34215836    0.13942123    0.13721976    0.15439449    0.00000000    0.00200405    0.02656883    0.07243234    0.05673934
T4             0.19002908    0.34829042    0.34829042    0.35438938    0.32017140    0.35199432    0.34398096    0.37872842    0.37020779    0.34956628    0.34518507    0.38694051    0.37121086    0.32190704    0.36933035    0.34578037    0.14194556    0.13974422    0.15698477    0.00200405    0.00000000    0.02867067    0.07472924    0.05896901
T22            0.18917454    0.34638857    0.34638857    0.35005094    0.32550877    0.35005094    0.34215836    0.36878083    0.36053959    0.35155604    0.34347664    0.37762190    0.37681436    0.32367851    0.36709362    0.35127654    0.14150374    0.13676701    0.15647396    0.02656883    0.02867067    0.00000000    0.07208439    0.05647924
T16            0.19253055    0.35745803    0.35745803    0.36497770    0.33374602    0.36257147    0.35068575    0.38983073    0.38112144    0.36361469    0.36674192    0.39401588    0.38207169    0.32367851    0.36327538    0.34045091    0.14465333    0.15496165    0.17527797    0.07243234    0.07472924    0.07208439    0.00000000    0.02031637
T2             0.17624590    0.34700964    0.34700964    0.36948754    0.33796099    0.35948637    0.34398096    0.38663980    0.37796382    0.35318751    0.34882027    0.38312460    0.38279800    0.32073787    0.36018887    0.33743775    0.13470812    0.14483212    0.16483800    0.05673934    0.05896901    0.05647924    0.02031637    0.00000000

