24
T8             0.00000000    0.29589858    0.27813597    0.22235433    0.21738915    0.21738915    0.25104975    0.29303772    0.27776914    0.27534063    0.27534063    0.28815734    0.28170767    0.30274160    0.27016321    0.24856589    0.23342567    0.25856010    0.25914396    0.27148287    0.26044102    0.26079206    0.20761969    0.21793389
T18            0.29589858    0.00000000    0.19774228    0.23876185    0.22549686    0.22549686    0.26115376    0.30204858    0.29303772    0.29058538    0.28735020    0.31482716    0.30802433    0.36456559    0.30086049    0.26870624    0.24587035    0.28413595    0.28735020    0.27393591    0.25977101    0.26628941    0.29513406    0.29426105
T5             0.27813597    0.19774228    0.00000000    0.20584201    0.19586952    0.19586952    0.22173707    0.25367722    0.27534063    0.27293594    0.27610938    0.28251771    0.27610938    0.31402735    0.27734496    0.23426226    0.21999425    0.24170933    0.24525157    0.23397326    0.23518973    0.23254456    0.24992325    0.25227096
T10            0.22235433    0.23876185    0.20584201    0.00000000    0.05179984    0.05179984    0.13032004    0.15830721    0.17192449    0.16966109    0.17498870    0.17813165    0.17274614    0.20629169    0.17029517    0.14905206    0.13164235    0.15600074    0.15885051    0.15600074    0.13909480    0.13673077    0.20630244    0.21664517
T19            0.21738915    0.22549686    0.19586952    0.05179984    0.00000000    0.00000000    0.12585864    0.16387643    0.17029517    0.16808290    0.17076124    0.17396938    0.16856882    0.19651149    0.16081061    0.13687154    0.12462975    0.14876451    0.15675467    0.14876451    0.13202705    0.13466822    0.20424198    0.21453445
T1             0.21738915    0.22549686    0.19586952    0.05179984    0.00000000    0.00000000    0.12585864    0.16387643    0.17029517    0.16808290    0.17076124    0.17396938    0.16856882    0.19651149    0.16081061    0.13687154    0.12462975    0.14876451    0.15675467    0.14876451    0.13202705    0.13466822    0.20424198    0.21453445
T6             0.25104975    0.26115376    0.22173707    0.13032004    0.12585864    0.12585864    0.00000000    0.14412592    0.19185641    0.18963477    0.19242589    0.19242589    0.18685924    0.20766647    0.19053238    0.16276912    0.16832159    0.19132301    0.20027698    0.18037404    0.17370743    0.16589039    0.23958624    0.25028846
T17            0.29303772    0.30204858    0.25367722    0.15830721    0.16387643    0.16387643    0.14412592    0.00000000    0.23369439    0.22549686    0.22840151    0.22605297    0.22605297    0.26672040    0.23518973    0.19520184    0.18808127    0.20887379    0.21793389    0.20009175    0.20143546    0.19611065    0.25308751    0.26407571
T22            0.27776914    0.29303772    0.27534063    0.17192449    0.17029517    0.17029517    0.19185641    0.23369439    0.00000000    0.01415514    0.03701583    0.07623577    0.07170794    0.09937736    0.07842692    0.14427764    0.19586952    0.21688338    0.22605297    0.22958786    0.21334615    0.21077467    0.28251771    0.29384176
T7             0.27534063    0.29058538    0.27293594    0.16966109    0.16808290    0.16808290    0.18963477    0.22549686    0.01415514    0.00000000    0.03497506    0.07414372    0.06961578    0.09966034    0.07632596    0.14206459    0.19358574    0.21738915    0.22664864    0.22142231    0.21397234    0.21140287    0.28337230    0.29469182
T14            0.27534063    0.28735020    0.27610938    0.17498870    0.17076124    0.17076124    0.19242589    0.22840151    0.03701583    0.03497506    0.00000000    0.07642326    0.07187459    0.10446163    0.07861071    0.14460597    0.19636100    0.22026034    0.22958786    0.22958786    0.21687748    0.21429960    0.28337230    0.29469182
T13            0.28815734    0.31482716    0.28251771    0.17813165    0.17396938    0.17396938    0.19242589    0.22605297    0.07623577    0.07414372    0.07642326    0.00000000    0.00401618    0.10687978    0.08321196    0.16276912    0.20951005    0.23024046    0.23392492    0.23191392    0.21979971    0.21721331    0.28337230    0.29469182
T16            0.28170767    0.30802433    0.27610938    0.17274614    0.16856882    0.16856882    0.18685924    0.22605297    0.07170794    0.06961578    0.07187459    0.00401618    0.00000000    0.10205518    0.07861071    0.15751156    0.20374983    0.22434434    0.22795781    0.23191392    0.21397234    0.21140287    0.27692214    0.28815734
T0             0.30274160    0.36456559    0.31402735    0.20629169    0.19651149    0.19651149    0.20766647    0.26672040    0.09937736    0.09966034    0.10446163    0.10687978    0.10205518    0.00000000    0.05230065    0.17423994    0.24115922    0.26039272    0.27083785    0.26354649    0.24200523    0.23935732    0.30823290    0.31294665
T3             0.27016321    0.30086049    0.27734496    0.17029517    0.16081061    0.16081061    0.19053238    0.23518973    0.07842692    0.07632596    0.07861071    0.08321196    0.07861071    0.05230065    0.00000000    0.14516023    0.20281264    0.22111723    0.23058152    0.22696124    0.20917172    0.21241539    0.26860983    0.27971446
T4             0.24856589    0.26870624    0.23426226    0.14905206    0.13687154    0.13687154    0.16276912    0.19520184    0.14427764    0.14206459    0.14460597    0.16276912    0.15751156    0.17423994    0.14516023    0.00000000    0.18015117    0.19795383    0.20680096    0.20350396    0.18831765    0.19132301    0.24384734    0.25464138
T21            0.23342567    0.24587035    0.21999425    0.13164235    0.12462975    0.12462975    0.16832159    0.18808127    0.19586952    0.19358574    0.19636100    0.20951005    0.20374983    0.24115922    0.20281264    0.18015117    0.00000000    0.06047730    0.06499262    0.13189070    0.12286673    0.12799489    0.22053622    0.22523370
T15            0.25856010    0.28413595    0.24170933    0.15600074    0.14876451    0.14876451    0.19132301    0.20887379    0.21688338    0.21738915    0.22026034    0.23024046    0.22434434    0.26039272    0.22111723    0.19795383    0.06047730    0.00000000    0.02034181    0.14611166    0.13938081    0.14460597    0.25127176    0.25610651
T12            0.25914396    0.28735020    0.24525157    0.15885051    0.15675467    0.15675467    0.20027698    0.21793389    0.22605297    0.22664864    0.22958786    0.23392492    0.22795781    0.27083785    0.23058152    0.20680096    0.06499262    0.02034181    0.00000000    0.15401260    0.14734358    0.15271058    0.25498388    0.25977101
T2             0.27148287    0.27393591    0.23397326    0.15600074    0.14876451    0.14876451    0.18037404    0.20009175    0.22958786    0.22142231    0.22958786    0.23191392    0.23191392    0.26354649    0.22696124    0.20350396    0.13189070    0.14611166    0.15401260    0.00000000    0.13217149    0.13482704    0.23635587    0.24710399
T11            0.26044102    0.25977101    0.23518973    0.13909480    0.13202705    0.13202705    0.17370743    0.20143546    0.21334615    0.21397234    0.21687748    0.21979971    0.21397234    0.24200523    0.20917172    0.18831765    0.12286673    0.13938081    0.14734358    0.13217149    0.00000000    0.03493029    0.23817300    0.24587035
T20            0.26079206    0.26628941    0.23254456    0.13673077    0.13466822    0.13466822    0.16589039    0.19611065    0.21077467    0.21140287    0.21429960    0.21721331    0.21140287    0.23935732    0.21241539    0.19132301    0.12799489    0.14460597    0.15271058    0.13482704    0.03493029    0.00000000    0.23620736    0.24384734
T9             0.20761969    0.29513406    0.24992325    0.20630244    0.20424198    0.20424198    0.23958624    0.25308751    0.28251771    0.28337230    0.28337230    0.28337230    0.27692214    0.30823290    0.26860983    0.24384734    0.22053622    0.25127176    0.25498388    0.23635587    0.23817300    0.23620736    0.00000000    0.01617956
T23            0.21793389    0.29426105    0.25227096    0.21664517    0.21453445    0.21453445    0.25028846    0.26407571    0.29384176    0.29469182    0.29469182    0.29469182    0.28815734    0.31294665    0.27971446    0.25464138    0.22523370    0.25610651    0.25977101    0.24710399    0.24587035    0.24384734    0.01617956    0.00000000

